10.14	0.00
10.16	0.00
10.17	0.00
10.18	0.00
10.19	0.00
10.20	0.00
10.21	0.00
10.22	0.00
10.23	0.00
10.24	0.00
10.25	0.00
10.26	0.00
10.27	0.00
10.28	0.00
10.29	0.00
10.30	0.00
10.31	0.00
10.32	0.00
10.33	0.00
10.34	0.00
10.35	0.00
10.36	0.00
10.37	0.00
10.38	0.00
10.39	0.00
10.40	0.00
10.41	0.00
10.42	0.00
10.43	0.00
10.44	0.00
10.45	0.00
10.46	0.00
10.47	0.00
10.48	0.00
10.49	0.00
10.50	0.00
10.51	0.00
10.52	0.00
10.53	0.00
10.54	0.00
10.55	0.00
10.56	0.00
10.57	0.00
10.58	0.00
10.59	0.00
10.60	0.00
10.61	0.00
10.62	0.00
10.63	0.00
10.64	0.00
10.65	0.00
10.66	0.00
10.67	0.00
10.68	0.00
10.69	0.00
10.70	0.00
10.71	0.00
10.72	0.00
10.73	0.00
10.74	0.00
10.75	0.00
10.76	0.00
10.77	0.00
10.78	0.00
10.79	0.00
10.80	0.00
10.81	0.00
10.82	0.00
10.83	0.00
10.84	0.00
10.86	0.00
10.87	0.00
10.88	0.00
10.89	0.00
10.90	0.00
10.91	0.00
10.92	0.00
10.93	0.00
10.94	0.00
10.95	0.00
10.96	0.00
10.97	0.00
10.98	0.00
10.99	0.00
11.00	0.00
11.01	0.00
11.02	0.00
11.03	0.00
11.04	0.00
11.05	0.00
11.06	0.00
11.07	0.00
11.08	0.00
11.09	0.00
11.10	0.00
11.11	0.00
11.12	0.00
11.13	0.00
11.14	0.00
11.15	0.00
11.16	0.00
11.17	0.00
11.18	0.00
11.19	0.00
11.20	0.00
11.21	0.00
11.22	0.00
11.23	0.00
11.24	0.00
11.25	0.00
11.26	0.00
11.27	0.00
11.28	0.00
11.29	0.00
11.30	0.00
11.31	0.00
11.32	0.00
11.33	0.00
11.34	0.00
11.35	0.00
11.36	0.00
11.37	0.00
11.38	0.00
11.39	0.00
11.40	0.00
11.41	0.00
11.42	0.00
11.43	0.00
11.44	0.00
11.45	0.00
11.46	0.00
11.47	0.00
11.48	0.00
11.49	0.00
11.50	0.00
11.51	0.00
11.52	0.00
11.53	0.00
11.54	0.00
11.56	0.00
11.57	0.00
11.58	0.00
11.59	0.00
11.60	0.00
11.61	0.00
11.62	0.00
11.63	0.00
11.64	0.00
11.65	0.00
11.66	0.00
11.67	0.00
11.68	0.00
11.69	0.00
11.70	0.00
11.71	0.00
11.72	0.00
11.73	0.00
11.74	0.00
11.75	0.00
11.76	0.00
11.77	0.00
11.78	0.00
11.79	0.00
11.80	0.00
11.81	0.00
11.82	0.00
11.83	0.00
11.84	0.00
11.85	0.00
11.86	0.00
11.87	0.00
11.88	0.00
11.89	0.00
11.90	0.00
11.91	0.00
11.92	0.00
11.93	0.00
11.94	0.00
11.95	0.00
11.96	0.00
11.97	0.00
11.98	0.00
11.99	0.00
12.00	0.00
12.01	0.00
12.02	0.00
12.03	0.00
12.04	0.00
12.05	0.00
12.06	0.00
12.07	0.00
12.08	0.00
12.09	0.00
12.10	0.00
12.11	0.00
12.12	0.00
12.13	0.00
12.14	0.00
12.15	0.00
12.16	0.00
12.17	0.00
12.18	0.00
12.19	0.00
12.20	0.00
12.21	0.00
12.22	0.00
12.23	0.00
12.24	0.00
12.26	0.00
12.27	0.00
12.28	0.00
12.29	0.00
12.30	0.00
12.31	0.00
12.32	0.00
12.33	0.00
12.34	0.00
12.35	0.00
12.36	0.00
12.37	0.00
12.38	0.00
12.39	0.00
12.40	0.00
12.41	0.00
12.42	0.00
12.43	0.00
12.44	0.00
12.45	0.00
12.46	0.00
12.47	0.00
12.48	0.00
12.49	0.00
12.50	0.00
12.51	0.00
12.52	0.00
12.53	0.00
12.54	0.00
12.55	0.00
12.56	0.00
12.57	0.00
12.58	0.00
12.59	0.00
12.60	0.00
12.61	0.00
12.62	0.00
12.63	0.00
12.64	0.00
12.65	0.00
12.66	0.00
12.67	0.00
12.68	0.00
12.69	0.00
12.70	0.00
12.71	0.00
12.72	0.00
12.73	0.00
12.74	0.00
12.75	0.00
12.76	0.00
12.77	0.00
12.78	0.00
12.79	0.00
12.80	0.00
12.81	0.00
12.82	0.00
12.83	0.00
12.84	0.00
12.85	0.00
12.86	0.00
12.87	0.00
12.88	0.00
12.89	0.00
12.90	0.00
12.91	0.00
12.92	0.00
12.93	0.00
12.94	0.00
12.96	0.00
12.97	0.00
12.98	0.00
12.99	0.00
13.00	0.00
13.01	0.00
13.02	0.00
13.03	0.00
13.04	0.00
13.05	0.00
13.06	0.00
13.07	0.00
13.08	0.00
13.09	0.00
13.10	0.00
13.11	0.00
13.12	0.00
13.13	0.00
13.14	0.00
13.15	0.00
13.16	0.00
13.17	0.00
13.18	0.00
13.19	0.00
13.20	0.00
13.21	0.00
13.22	0.00
13.23	0.00
13.24	0.00
13.25	0.00
13.26	0.00
13.27	0.00
13.28	0.00
13.29	0.00
13.30	0.00
13.31	0.00
13.32	0.00
13.33	0.00
13.34	0.00
13.35	0.00
13.36	0.00
13.37	0.00
13.38	0.00
13.39	0.00
13.40	0.00
13.41	0.00
13.42	0.00
13.43	0.00
13.44	0.00
13.45	0.00
13.46	0.00
13.47	0.00
13.48	0.00
13.49	0.00
13.50	0.00
13.51	0.00
13.52	0.00
13.53	0.00
13.54	0.00
13.55	0.00
13.56	0.00
13.57	0.00
13.58	0.00
13.59	0.00
13.60	0.00
13.61	0.00
13.62	0.00
13.63	0.00
13.64	0.00
13.66	0.00
13.67	0.00
13.68	0.00
13.69	0.00
13.70	0.00
13.71	0.00
13.72	0.00
13.73	0.00
13.74	0.00
13.75	0.00
13.76	0.00
13.77	0.00
13.78	0.00
13.79	0.00
13.80	0.00
13.81	0.00
13.82	0.00
13.83	0.00
13.84	0.00
13.85	0.00
13.86	0.00
13.87	0.00
13.88	0.00
13.89	0.00
13.90	0.00
13.91	0.00
13.92	0.00
13.93	0.00
13.94	0.00
13.95	0.00
13.96	0.00
13.97	0.00
13.98	0.00
13.99	0.00
14.00	0.00
14.01	0.00
14.02	0.00
14.03	0.00
14.04	0.00
14.05	0.00
14.06	0.00
14.07	0.00
14.08	0.00
14.09	0.00
14.10	0.00
14.11	0.00
14.12	0.00
14.13	0.00
14.14	0.00
14.15	0.00
14.16	0.00
14.17	0.00
14.18	0.00
14.19	0.00
14.20	0.00
14.21	0.00
14.22	0.00
14.23	0.00
14.24	0.00
14.25	0.00
14.26	0.00
14.27	0.00
14.28	0.00
14.29	0.00
14.30	0.00
14.31	0.00
14.32	0.00
14.33	0.00
14.34	0.00
14.36	0.00
14.37	0.00
14.38	0.00
14.39	0.00
14.40	0.00
14.41	0.00
14.42	0.00
14.43	0.00
14.44	0.00
14.45	0.00
14.46	0.00
14.47	0.00
14.48	0.00
14.49	0.00
14.50	0.00
14.51	0.00
14.52	0.00
14.53	0.00
14.54	0.00
14.55	0.00
14.56	0.00
14.57	0.00
14.58	0.00
14.59	0.00
14.60	0.00
14.61	0.00
14.62	0.00
14.63	0.00
14.64	0.00
14.65	0.00
14.66	0.00
14.67	0.00
14.68	0.00
14.69	0.00
14.70	0.00
14.71	0.00
14.72	0.00
14.73	0.00
14.74	0.00
14.75	0.00
14.76	0.00
14.77	0.00
14.78	0.00
14.79	0.00
14.80	0.00
14.81	0.00
14.82	0.00
14.83	0.00
14.84	0.00
14.85	0.00
14.86	0.00
14.87	0.00
14.88	0.00
14.89	0.00
14.90	0.00
14.91	0.00
14.92	0.00
14.93	0.00
14.94	0.00
14.95	0.00
14.96	0.00
14.97	0.00
14.98	0.00
14.99	0.00
15.00	0.00
15.01	0.00
15.02	0.00
15.03	0.00
15.04	0.00
15.06	0.00
15.07	0.00
15.08	0.00
15.09	0.00
15.10	0.00
15.11	0.00
15.12	0.00
15.13	0.00
15.14	0.00
15.15	0.00
15.16	0.00
15.17	0.00
15.18	0.00
15.19	0.00
15.20	0.00
15.21	0.00
15.22	0.00
15.23	0.00
15.24	0.00
15.25	0.00
15.26	0.00
15.27	0.00
15.28	0.00
15.29	0.00
15.30	0.00
15.31	0.00
15.32	0.00
15.33	0.00
15.34	0.00
15.35	0.00
15.36	0.00
15.37	0.00
15.38	0.00
15.39	0.00
15.40	0.00
15.41	0.00
15.42	0.00
15.43	0.00
15.44	0.00
15.45	0.00
15.46	0.00
15.47	0.00
15.48	0.00
15.49	0.00
15.50	0.00
15.51	0.00
15.52	0.00
15.53	0.00
15.54	0.00
15.55	0.00
15.56	0.00
15.57	0.00
15.58	0.00
15.59	0.00
15.60	0.00
15.61	0.00
15.62	0.00
15.63	0.00
15.64	0.00
15.65	0.00
15.66	0.00
15.67	0.00
15.68	0.00
15.69	0.00
15.70	0.00
15.71	0.00
15.72	0.00
15.73	0.00
15.74	0.00
15.76	0.00
15.77	0.00
15.78	0.00
15.79	0.00
15.80	0.00
15.81	0.00
15.82	0.00
15.83	0.00
15.84	0.00
15.85	0.00
15.86	0.00
15.87	0.00
15.88	0.00
15.89	0.00
15.90	0.00
15.91	0.00
15.92	0.00
15.93	0.00
15.94	0.00
15.95	0.00
15.96	0.00
15.97	0.00
15.98	0.00
15.99	0.00
16.00	0.00
16.01	0.00
16.02	0.00
16.03	0.00
16.04	0.00
16.05	0.00
16.06	0.00
16.07	0.00
16.08	0.00
16.09	0.00
16.10	0.00
16.11	0.00
16.12	0.00
16.13	0.00
16.14	0.00
16.15	0.00
16.16	0.00
16.17	0.00
16.18	0.00
16.19	0.00
16.20	0.00
16.21	0.00
16.22	0.00
16.23	0.00
16.24	0.00
16.25	0.00
16.26	0.00
16.27	0.00
16.28	0.00
16.29	0.00
16.30	0.00
16.31	0.00
16.32	0.00
16.33	0.00
16.34	0.00
16.35	0.00
16.36	0.00
16.37	0.00
16.38	0.00
16.39	0.00
16.40	0.00
16.41	0.00
16.42	0.00
16.43	0.00
16.44	0.00
16.46	0.00
16.47	0.00
16.48	0.00
16.49	0.00
16.50	0.00
16.51	0.00
16.52	0.00
16.53	0.00
16.54	0.00
16.55	0.00
16.56	0.00
16.57	0.00
16.58	0.00
16.59	0.00
16.60	0.00
16.61	0.00
16.62	0.00
16.63	0.00
16.64	0.00
16.65	0.00
16.66	0.00
16.67	0.00
16.68	0.00
16.69	0.00
16.70	0.00
16.71	0.00
16.72	0.00
16.73	0.00
16.74	0.00
16.75	0.00
16.76	0.00
16.77	0.00
16.78	0.00
16.79	0.00
16.80	0.00
16.81	0.00
16.82	0.00
16.83	0.00
16.84	0.00
16.85	0.00
16.86	0.00
16.87	0.00
16.88	0.00
16.89	0.00
16.90	0.00
16.91	0.00
16.92	0.00
16.93	0.00
16.94	0.00
16.95	0.00
16.96	0.00
16.97	0.00
16.98	0.00
16.99	0.00
17.00	0.00
17.01	0.00
17.02	0.00
17.03	0.00
17.04	0.00
17.05	0.00
17.06	0.00
17.07	0.00
17.08	0.00
17.09	0.00
17.10	0.00
17.11	0.00
17.12	0.00
17.13	0.00
17.14	0.00
17.16	0.00
17.17	0.00
17.18	0.00
17.19	0.00
17.20	0.00
17.21	0.00
17.22	0.00
17.23	0.00
17.24	0.00
17.25	0.00
17.26	0.00
17.27	0.00
17.28	0.00
17.29	0.00
17.30	0.00
17.31	0.00
17.32	0.00
17.33	0.00
17.34	0.00
17.35	0.00
17.36	0.00
17.37	0.00
17.38	0.00
17.39	0.00
17.40	0.00
17.41	0.00
17.42	0.00
17.43	0.00
17.44	0.00
17.45	0.00
17.46	0.00
17.47	0.00
17.48	0.00
17.49	0.00
17.50	0.00
17.51	0.00
17.52	0.00
17.53	0.00
17.54	0.00
17.55	0.00
17.56	0.00
17.57	0.00
17.58	0.00
17.59	0.00
17.60	0.00
17.61	0.00
17.62	0.00
17.63	0.00
17.64	0.00
17.65	0.00
17.66	0.00
17.67	0.00
17.68	0.00
17.69	0.00
17.70	0.00
17.71	0.00
17.72	0.00
17.73	0.00
17.74	0.00
17.75	0.00
17.76	0.00
17.77	0.00
17.78	0.00
17.79	0.00
17.80	0.00
17.81	0.00
17.82	0.00
17.83	0.00
17.84	0.00
17.86	0.00
17.87	0.00
17.88	0.00
17.89	0.00
17.90	0.00
17.91	0.00
17.92	0.00
17.93	0.00
17.94	0.00
17.95	0.00
17.96	0.00
17.97	0.00
17.98	0.00
17.99	0.00
18.00	0.00
18.01	0.00
18.02	0.00
18.03	0.00
18.04	0.00
18.05	0.00
18.06	0.00
18.07	0.00
18.08	0.00
18.09	0.00
18.10	0.00
18.11	0.00
18.12	0.00
18.13	0.00
18.14	0.00
18.15	0.00
18.16	0.00
18.17	0.00
18.18	0.00
18.19	0.00
18.20	0.00
18.21	0.00
18.22	0.00
18.23	0.00
18.24	0.00
18.25	0.00
18.26	0.00
18.27	0.00
18.28	0.00
18.29	0.00
18.30	0.00
18.31	0.00
18.32	0.00
18.33	0.00
18.34	0.00
18.35	0.00
18.36	0.00
18.37	0.00
18.38	0.00
18.39	0.00
18.40	0.00
18.41	0.00
18.42	0.00
18.43	0.00
18.44	0.00
18.45	0.00
18.46	0.00
18.47	0.00
18.48	0.00
18.49	0.00
18.50	0.00
18.51	0.00
18.52	0.00
18.53	0.00
18.54	0.00
18.56	0.00
18.57	0.00
18.58	0.00
18.59	0.00
18.60	0.00
18.61	0.00
18.62	0.00
18.63	0.00
18.64	0.00
18.65	0.00
18.66	0.00
18.67	0.00
18.68	0.00
18.69	0.00
18.70	0.00
18.71	0.00
18.72	0.00
18.73	0.00
18.74	0.00
18.75	0.00
18.76	0.00
18.77	0.00
18.78	0.00
18.79	0.00
18.80	0.00
18.81	0.00
18.82	0.00
18.83	0.00
18.84	0.00
18.85	0.00
18.86	0.00
18.87	0.00
18.88	0.00
18.89	0.00
18.90	0.00
18.91	0.00
18.92	0.00
18.93	0.00
18.94	0.00
18.95	0.00
18.96	0.00
18.97	0.00
18.98	0.00
18.99	0.00
19.00	0.00
19.01	0.00
19.02	0.00
19.03	0.00
19.04	0.00
19.05	0.00
19.06	0.00
19.07	0.00
19.08	0.00
19.09	0.00
19.10	0.00
19.11	0.00
19.12	0.00
19.13	0.00
19.14	0.00
19.15	0.00
19.16	0.00
19.17	0.00
19.18	0.00
19.19	0.00
19.20	0.00
19.21	0.00
19.22	0.00
19.23	0.00
19.24	0.00
19.26	0.00
19.27	0.00
19.28	0.00
19.29	0.00
19.30	0.00
19.31	0.00
19.32	0.00
19.33	0.00
19.34	0.00
19.35	0.00
19.36	0.00
19.37	0.00
19.38	0.00
19.39	0.00
19.40	0.00
19.41	0.00
19.42	0.00
19.43	0.00
19.44	0.00
19.45	0.00
19.46	0.00
19.47	0.00
19.48	0.00
19.49	0.00
19.50	0.00
19.51	0.00
19.52	0.00
19.53	0.00
19.54	0.00
19.55	0.00
19.56	0.00
19.57	0.00
19.58	0.00
19.59	0.00
19.60	0.00
19.61	0.00
19.62	0.00
19.63	0.00
19.64	0.00
19.65	0.00
19.66	0.00
19.67	0.00
19.68	0.00
19.69	0.00
19.70	0.00
19.71	0.00
19.72	0.00
19.73	0.00
19.74	0.00
19.75	0.00
19.76	0.00
19.77	0.00
19.78	0.00
19.79	0.00
19.80	0.00
19.81	0.00
19.82	0.00
19.83	0.00
19.84	0.00
19.85	0.00
19.86	0.00
19.87	0.00
19.88	0.00
19.89	0.00
19.90	0.00
19.91	0.00
19.92	0.00
19.93	0.00
19.94	0.00
19.96	0.00
19.97	0.00
19.98	0.00
19.99	0.00
20.00	0.00
20.01	0.00
20.02	0.00
20.03	0.00
20.04	0.00
20.05	0.00
20.06	0.00
20.07	0.00
20.08	0.00
20.09	0.00
20.10	0.00
20.11	0.00
20.12	0.00
20.13	0.00
20.14	0.00
20.15	0.00
20.16	0.00
20.17	0.00
20.18	0.00
20.19	0.00
20.20	0.00
20.21	0.00
20.22	0.00
20.23	0.00
20.24	0.00
20.25	0.00
20.26	0.00
20.27	0.00
20.28	0.00
20.29	0.00
20.30	0.00
20.31	0.00
20.32	0.00
20.33	0.00
20.34	0.00
20.35	0.00
20.36	0.00
20.37	0.00
20.38	0.00
20.39	0.00
20.40	0.00
20.41	0.00
20.42	0.00
20.43	0.00
20.44	0.00
20.45	0.00
20.46	0.00
20.47	0.00
20.48	0.00
20.49	0.00
20.50	0.00
20.51	0.00
20.52	0.00
20.53	0.00
20.54	0.00
20.55	0.00
20.56	0.00
20.57	0.00
20.58	0.00
20.59	0.00
20.60	0.00
20.61	0.00
20.62	0.00
20.63	0.00
20.64	0.00
20.66	0.00
20.67	0.00
20.68	0.00
20.69	0.00
20.70	0.00
20.71	0.00
20.72	0.00
20.73	0.00
20.74	0.00
20.75	0.00
20.76	0.00
20.77	0.00
20.78	0.00
20.79	0.00
20.80	0.00
20.81	0.00
20.82	0.00
20.83	0.00
20.84	0.00
20.85	0.00
20.86	0.00
20.87	0.00
20.88	0.00
20.89	0.00
20.90	0.00
20.91	0.00
20.92	0.00
20.93	0.00
20.94	0.00
20.95	0.00
20.96	0.00
20.97	0.00
20.98	0.00
20.99	0.00
21.00	0.00
21.01	0.00
21.02	0.00
21.03	0.00
21.04	0.00
21.05	0.00
21.06	0.00
21.07	0.00
21.08	0.00
21.09	0.00
21.10	0.00
21.11	0.00
21.12	0.00
21.13	0.00
21.14	0.00
21.15	0.00
21.16	0.00
21.17	0.00
21.18	0.00
21.19	0.00
21.20	0.00
21.21	0.00
21.22	0.00
21.23	0.00
21.24	0.00
21.25	0.00
21.26	0.00
21.27	0.00
21.28	0.00
21.29	0.00
21.30	0.00
21.31	0.00
21.32	0.00
21.33	0.00
21.34	0.00
21.36	0.00
21.37	0.00
21.38	0.00
21.39	0.00
21.40	0.00
21.41	0.00
21.42	0.00
21.43	0.00
21.44	0.00
21.45	0.00
21.46	0.00
21.47	0.00
21.48	0.00
21.49	0.00
21.50	0.00
21.51	0.00
21.52	0.00
21.53	0.00
21.54	0.00
21.55	0.00
21.56	0.00
21.57	0.00
21.58	0.00
21.59	0.00
21.60	0.00
21.61	0.00
21.62	0.00
21.63	0.00
21.64	0.00
21.65	0.00
21.66	0.00
21.67	0.00
21.68	0.00
21.69	0.00
21.70	0.00
21.71	0.00
21.72	0.00
21.73	0.00
21.74	0.00
21.75	0.00
21.76	0.00
21.77	0.00
21.78	0.00
21.79	0.00
21.80	0.00
21.81	0.00
21.82	0.00
21.83	0.00
21.84	0.00
21.85	0.00
21.86	0.00
21.87	0.00
21.88	0.00
21.89	0.00
21.90	0.00
21.91	0.00
21.92	0.00
21.93	0.00
21.94	0.00
21.95	0.00
21.96	0.00
21.97	0.00
21.98	0.00
21.99	0.00
22.00	0.00
22.01	0.00
22.02	0.00
22.03	0.00
22.04	0.00
22.06	0.00
22.07	0.00
22.08	0.00
22.09	0.00
22.10	0.00
22.11	0.00
22.12	0.00
22.13	0.00
22.14	0.00
22.15	0.00
22.16	0.00
22.17	0.00
22.18	0.00
22.19	0.00
22.20	0.00
22.21	0.00
22.22	0.00
22.23	0.00
22.24	0.00
22.25	0.00
22.26	0.00
22.27	0.00
22.28	0.00
22.29	0.00
22.30	0.00
22.31	0.00
22.32	0.00
22.33	0.00
22.34	0.00
22.35	0.00
22.36	0.00
22.37	0.00
22.38	0.00
22.39	0.00
22.40	0.00
22.41	0.00
22.42	0.00
22.43	0.00
22.44	0.00
22.45	0.00
22.46	0.00
22.47	0.00
22.48	0.00
22.49	0.00
22.50	0.00
22.51	0.00
22.52	0.00
22.53	0.00
22.54	0.00
22.55	0.00
22.56	0.00
22.57	0.00
22.58	0.00
22.59	0.00
22.60	0.00
22.61	0.00
22.62	0.00
22.63	0.00
22.64	0.00
22.65	0.00
22.66	0.00
22.67	0.00
22.68	0.00
22.69	0.00
22.70	0.00
22.71	0.00
22.72	0.00
22.73	0.00
22.74	0.00
22.76	0.00
22.77	0.00
22.78	0.00
22.79	0.00
22.80	0.00
22.81	0.00
22.82	0.00
22.83	0.00
22.84	0.00
22.85	0.00
22.86	0.00
22.87	0.00
22.88	0.00
22.89	0.00
22.90	0.00
22.91	0.00
22.92	0.00
22.93	0.00
22.94	0.00
22.95	0.00
22.96	0.00
22.97	0.00
22.98	0.00
22.99	0.00
23.00	0.00
23.01	0.00
23.02	0.00
23.03	0.00
23.04	0.00
23.05	0.00
23.06	0.00
23.07	0.00
23.08	0.00
23.09	0.00
23.10	0.00
23.11	0.00
23.12	0.00
23.13	0.00
23.14	0.00
23.15	0.00
23.16	0.00
23.17	0.00
23.18	0.00
23.19	0.00
23.20	0.00
23.21	0.00
23.22	0.00
23.23	0.00
23.24	0.00
23.25	0.00
23.26	0.00
23.27	0.00
23.28	0.00
23.29	0.00
23.30	0.00
23.31	0.00
23.32	0.00
23.33	0.00
23.34	0.00
23.35	0.00
23.36	0.00
23.37	0.00
23.38	0.00
23.39	0.00
23.40	0.00
23.41	0.00
23.42	0.00
23.43	0.00
23.44	0.00
23.46	0.00
23.47	0.00
23.48	0.00
23.49	0.00
23.50	0.00
23.51	0.00
23.52	0.00
23.53	0.00
23.54	0.00
23.55	0.00
23.56	0.00
23.57	0.00
23.58	0.00
23.59	0.00
23.60	0.00
23.61	0.00
23.62	0.00
23.63	0.00
23.64	0.00
23.65	0.00
23.66	0.00
23.67	0.00
23.68	0.00
23.69	0.00
23.70	0.00
23.71	0.00
23.72	0.00
23.73	0.00
23.74	0.00
23.75	0.00
23.76	0.00
23.77	0.00
23.78	0.00
23.79	0.00
23.80	0.00
23.81	0.00
23.82	0.00
23.83	0.00
23.84	0.00
23.85	0.00
23.86	0.00
23.87	0.00
23.88	0.00
23.89	0.00
23.90	0.00
23.91	0.00
23.92	0.00
23.93	0.00
23.94	0.00
23.95	0.00
23.96	0.00
23.97	0.00
23.98	0.00
23.99	0.00
24.00	0.00
24.01	0.00
24.02	0.00
24.03	0.00
24.04	0.00
24.05	0.00
24.06	0.00
24.07	0.00
24.08	0.00
24.09	0.00
24.10	0.00
24.11	0.00
24.12	0.00
24.13	0.00
24.14	0.00
24.16	0.00
24.17	0.00
24.18	0.00
24.19	0.00
24.20	0.00
24.21	0.00
24.22	0.00
24.23	0.00
24.24	0.00
24.25	0.00
24.26	0.00
24.27	0.00
24.28	0.00
24.29	0.00
24.30	0.00
24.31	0.00
24.32	0.00
24.33	0.00
24.34	0.00
24.35	0.00
24.36	0.00
24.37	0.00
24.38	0.00
24.39	0.00
24.40	0.00
24.41	0.00
24.42	0.00
24.43	0.00
24.44	0.00
24.45	0.00
24.46	0.00
24.47	0.00
24.48	0.00
24.49	0.00
24.50	0.00
24.51	0.00
24.52	0.00
24.53	0.00
24.54	0.00
24.55	0.00
24.56	0.00
24.57	0.00
24.58	0.00
24.59	0.00
24.60	0.00
24.61	0.00
24.62	0.00
24.63	0.00
24.64	0.00
24.65	0.00
24.66	0.00
24.67	0.00
24.68	0.00
24.69	0.00
24.70	0.00
24.71	0.00
24.72	0.00
24.73	0.00
24.74	0.00
24.75	0.00
24.76	0.00
24.77	0.00
24.78	0.00
24.79	0.00
24.80	0.00
24.81	0.00
24.82	0.00
24.83	0.00
24.84	0.00
24.86	0.00
24.87	0.00
24.88	0.00
24.89	0.00
24.90	0.00
24.91	0.00
24.92	0.00
24.93	0.00
24.94	0.00
24.95	0.00
24.96	0.00
24.97	0.00
24.98	0.00
24.99	0.00
25.00	0.00
25.01	0.00
25.02	0.00
25.03	0.00
25.04	0.00
25.05	0.00
25.06	0.00
25.07	0.00
25.08	0.00
25.09	0.00
25.10	0.00
25.11	0.00
25.12	0.00
25.13	0.00
25.14	0.00
25.15	0.00
25.16	0.00
25.17	0.00
25.18	0.00
25.19	0.00
25.20	0.00
25.21	0.00
25.22	0.00
25.23	0.00
25.24	0.00
25.25	0.00
25.26	0.00
25.27	0.00
25.28	0.00
25.29	0.00
25.30	0.00
25.31	0.00
25.32	0.00
25.33	0.00
25.34	0.00
25.35	0.00
25.36	0.00
25.37	0.00
25.38	0.00
25.39	0.00
25.40	0.00
25.41	0.00
25.42	0.00
25.43	0.00
25.44	0.00
25.45	0.00
25.46	0.00
25.47	0.00
25.48	0.00
25.49	0.00
25.50	0.00
25.51	0.00
25.52	0.00
25.53	0.00
25.54	0.00
25.56	0.00
25.57	0.00
25.58	0.00
25.59	0.00
25.60	0.00
25.61	0.00
25.62	0.00
25.63	0.00
25.64	0.00
25.65	0.00
25.66	0.00
25.67	0.00
25.68	0.00
25.69	0.00
25.70	0.00
25.71	0.00
25.72	0.00
25.73	0.00
25.74	0.00
25.75	0.00
25.76	0.00
25.77	0.00
25.78	0.00
25.79	0.00
25.80	0.00
25.81	0.00
25.82	0.00
25.83	0.00
25.84	0.00
25.85	0.00
25.86	0.00
25.87	0.00
25.88	0.00
25.89	0.00
25.90	0.00
25.91	0.00
25.92	0.00
25.93	0.00
25.94	0.00
25.95	0.00
25.96	0.00
25.97	0.00
25.98	0.00
25.99	0.00
26.00	0.00
26.01	0.00
26.02	0.00
26.03	0.00
26.04	0.00
26.05	0.00
26.06	0.00
26.07	0.00
26.08	0.00
26.09	0.00
26.10	0.00
26.11	0.00
26.12	0.00
26.13	0.00
26.14	0.00
26.15	0.00
26.16	0.00
26.17	0.00
26.18	0.00
26.19	0.00
26.20	0.00
26.21	0.00
26.22	0.00
26.23	0.00
26.24	0.00
26.26	0.00
26.27	0.00
26.28	0.00
26.29	0.00
26.30	0.00
26.31	0.00
26.32	0.00
26.33	0.00
26.34	0.00
26.35	0.00
26.36	0.00
26.37	0.00
26.38	0.00
26.39	0.00
26.40	0.00
26.41	0.00
26.42	0.00
26.43	0.00
26.44	0.00
26.45	0.00
26.46	0.00
26.47	0.00
26.48	0.00
26.49	0.00
26.50	0.00
26.51	0.00
26.52	0.00
26.53	0.00
26.54	0.00
26.55	0.00
26.56	0.00
26.57	0.00
26.58	0.00
26.59	0.00
26.60	0.00
26.61	0.00
26.62	0.00
26.63	0.00
26.64	0.00
26.65	0.00
26.66	0.00
26.67	0.00
26.68	0.00
26.69	0.00
26.70	0.00
26.71	0.00
26.72	0.00
26.73	0.00
26.74	0.00
26.75	0.00
26.76	0.00
26.77	0.00
26.78	0.00
26.79	0.00
26.80	0.00
26.81	0.00
26.82	0.00
26.83	0.00
26.84	0.00
26.85	0.00
26.86	0.00
26.87	0.00
26.88	0.00
26.89	0.00
26.90	0.00
26.91	0.00
26.92	0.00
26.93	0.00
26.94	0.00
26.96	0.00
26.97	0.00
26.98	0.00
26.99	0.00
27.00	0.00
27.01	0.00
27.02	0.00
27.03	0.00
27.04	0.00
27.05	0.00
27.06	0.00
27.07	0.00
27.08	0.00
27.09	0.00
27.10	0.00
27.11	0.00
27.12	0.00
27.13	0.00
27.14	0.00
27.15	0.00
27.16	0.00
27.17	0.00
27.18	0.00
27.19	0.00
27.20	0.00
27.21	0.00
27.22	0.00
27.23	0.00
27.24	0.00
27.25	0.00
27.26	0.00
27.27	0.00
27.28	0.00
27.29	0.00
27.30	0.00
27.31	0.00
27.32	0.00
27.33	0.00
27.34	0.00
27.35	0.00
27.36	0.00
27.37	0.00
27.38	0.00
27.39	0.00
27.40	0.00
27.41	0.00
27.42	0.00
27.43	0.00
27.44	0.00
27.45	0.00
27.46	0.00
27.47	0.00
27.48	0.00
27.49	0.00
27.50	0.00
27.51	0.00
27.52	0.00
27.53	0.00
27.54	0.00
27.55	0.00
27.56	0.00
27.57	0.00
27.58	0.00
27.59	0.00
27.60	0.00
27.61	0.00
27.62	0.00
27.63	0.00
27.64	0.00
27.66	0.00
27.67	0.00
27.68	0.00
27.69	0.00
27.70	0.00
27.71	0.00
27.72	0.00
27.73	0.00
27.74	0.00
27.75	0.00
27.76	0.00
27.77	0.00
27.78	0.00
27.79	0.00
27.80	0.00
27.81	0.00
27.82	0.00
27.83	0.00
27.84	0.00
27.85	0.00
27.86	0.00
27.87	0.00
27.88	0.00
27.89	0.00
27.90	0.00
27.91	0.00
27.92	0.00
27.93	0.00
27.94	0.00
27.95	0.00
27.96	0.00
27.97	0.00
27.98	0.00
27.99	0.00
28.00	0.00
28.01	0.00
28.02	0.00
28.03	0.00
28.04	0.00
28.05	0.00
28.06	0.00
28.07	0.00
28.08	0.00
28.09	0.00
28.10	0.00
28.11	0.00
28.12	0.00
28.13	0.00
28.14	0.00
28.15	0.00
28.16	0.00
28.17	0.00
28.18	0.00
28.19	0.00
28.20	0.00
28.21	0.00
28.22	0.00
28.23	0.00
28.24	0.00
28.25	0.00
28.26	0.00
28.27	0.00
28.28	0.00
28.29	0.00
28.30	0.00
28.31	0.00
28.32	0.00
28.33	0.00
28.34	0.00
28.36	0.00
28.37	0.00
28.38	0.00
28.39	0.00
28.40	0.00
28.41	0.00
28.42	0.00
28.43	0.00
28.44	0.00
28.45	0.00
28.46	0.00
28.47	0.00
28.48	0.00
28.49	0.00
28.50	0.00
28.51	0.00
28.52	0.00
28.53	0.00
28.54	0.00
28.55	0.00
28.56	0.00
28.57	0.00
28.58	0.00
28.59	0.00
28.60	0.00
28.61	0.00
28.62	0.00
28.63	0.00
28.64	0.00
28.65	0.00
28.66	0.00
28.67	0.00
28.68	0.00
28.69	0.00
28.70	0.00
28.71	0.00
28.72	0.00
28.73	0.00
28.74	0.00
28.75	0.00
28.76	0.00
28.77	0.00
28.78	0.00
28.79	0.00
28.80	0.00
28.81	0.00
28.82	0.00
28.83	0.00
28.84	0.00
28.85	0.00
28.86	0.00
28.87	0.00
28.88	0.00
28.89	0.00
28.90	0.00
28.91	0.00
28.92	0.00
28.93	0.00
28.94	0.00
28.95	0.00
28.96	0.00
28.97	0.00
28.98	0.00
28.99	0.00
29.00	0.00
29.01	0.00
29.02	0.00
29.03	0.00
29.04	0.00
29.06	0.00
29.07	0.00
29.08	0.00
29.09	0.00
29.10	0.00
29.11	0.00
29.12	0.00
29.13	0.00
29.14	0.00
29.15	0.00
29.16	0.00
29.17	0.00
29.18	0.00
29.19	0.00
29.20	0.00
29.21	0.00
29.22	0.00
29.23	0.00
29.24	51.62
29.25	0.00
29.26	0.00
29.27	0.00
29.28	0.00
29.29	0.00
29.30	0.00
29.31	0.00
29.32	0.00
29.33	0.00
29.34	0.00
29.35	0.00
29.36	0.00
29.37	0.00
29.38	0.00
29.39	0.00
29.40	0.00
29.41	0.00
29.42	0.00
29.43	0.00
29.44	0.00
29.45	0.00
29.46	0.00
29.47	0.00
29.48	0.00
29.49	0.00
29.50	0.00
29.51	0.00
29.52	0.00
29.53	0.00
29.54	0.00
29.55	0.00
29.56	0.00
29.57	0.00
29.58	0.00
29.59	0.00
29.60	0.00
29.61	0.00
29.62	0.00
29.63	0.00
29.64	0.00
29.65	0.00
29.66	0.00
29.67	0.00
29.68	0.00
29.69	0.00
29.70	0.00
29.71	0.00
29.72	0.00
29.73	0.00
29.74	0.00
29.76	0.00
29.77	0.00
29.78	0.00
29.79	0.00
29.80	0.00
29.81	0.00
29.82	0.00
29.83	0.00
29.84	0.00
29.85	0.00
29.86	0.00
29.87	0.00
29.88	0.00
29.89	0.00
29.90	0.00
29.91	0.00
29.92	0.00
29.93	0.00
29.94	0.00
29.95	0.00
29.96	0.00
29.97	0.00
29.98	0.00
29.99	0.00
30.00	0.00
30.01	0.00
30.02	0.00
30.03	0.00
30.04	0.00
30.05	0.00
30.06	0.00
30.07	0.00
30.08	0.00
30.09	0.00
30.10	0.00
30.11	0.00
30.12	0.00
30.13	0.00
30.14	0.00
30.15	0.00
30.16	0.00
30.17	0.00
30.18	0.00
30.19	0.00
30.20	0.00
30.21	0.00
30.22	0.00
30.23	0.00
30.24	0.00
30.25	0.00
30.26	0.00
30.27	0.00
30.28	0.00
30.29	0.00
30.30	0.00
30.31	0.00
30.32	0.00
30.33	0.00
30.34	0.00
30.35	0.00
30.36	0.00
30.37	0.00
30.38	0.00
30.39	0.00
30.40	0.00
30.41	0.00
30.42	0.00
30.43	0.00
30.44	0.00
30.46	0.00
30.47	0.00
30.48	0.00
30.49	0.00
30.50	0.00
30.51	0.00
30.52	0.00
30.53	0.00
30.54	0.00
30.55	0.00
30.56	0.00
30.57	0.00
30.58	0.00
30.59	0.00
30.60	0.00
30.61	0.00
30.62	0.00
30.63	0.00
30.64	0.00
30.65	0.00
30.66	0.00
30.67	0.00
30.68	0.00
30.69	0.00
30.70	0.00
30.71	0.00
30.72	0.00
30.73	0.00
30.74	0.00
30.75	0.00
30.76	0.00
30.77	0.00
30.78	0.00
30.79	0.00
30.80	0.00
30.81	0.00
30.82	0.00
30.83	0.00
30.84	0.00
30.85	0.00
30.86	0.00
30.87	0.00
30.88	0.00
30.89	0.00
30.90	0.00
30.91	0.00
30.92	0.00
30.93	0.00
30.94	0.00
30.95	0.00
30.96	0.00
30.97	0.00
30.98	0.00
30.99	0.00
31.00	0.00
31.01	0.00
31.02	0.00
31.03	0.00
31.04	0.00
31.05	0.00
31.06	0.00
31.07	0.00
31.08	0.00
31.09	0.00
31.10	0.00
31.11	0.00
31.12	0.00
31.13	0.00
31.14	0.00
31.16	0.00
31.17	0.00
31.18	0.00
31.19	0.00
31.20	0.00
31.21	0.00
31.22	0.00
31.23	0.00
31.24	0.00
31.25	0.00
31.26	0.00
31.27	0.00
31.28	0.00
31.29	0.00
31.30	0.00
31.31	0.00
31.32	0.00
31.33	0.00
31.34	0.00
31.35	0.00
31.36	0.00
31.37	0.00
31.38	0.00
31.39	0.00
31.40	0.00
31.41	0.00
31.42	0.00
31.43	0.00
31.44	0.00
31.45	0.00
31.46	0.00
31.47	0.00
31.48	0.00
31.49	0.00
31.50	0.00
31.51	0.00
31.52	0.00
31.53	0.00
31.54	0.00
31.55	0.00
31.56	0.00
31.57	0.00
31.58	0.00
31.59	0.00
31.60	0.00
31.61	0.00
31.62	0.00
31.63	0.00
31.64	0.00
31.65	0.00
31.66	0.00
31.67	0.00
31.68	0.00
31.69	0.00
31.70	0.00
31.71	0.00
31.72	0.00
31.73	0.00
31.74	0.00
31.75	0.00
31.76	0.00
31.77	0.00
31.78	0.00
31.79	0.00
31.80	0.00
31.81	0.00
31.82	0.00
31.83	0.00
31.84	0.00
31.86	0.00
31.87	0.00
31.88	0.00
31.89	0.00
31.90	0.00
31.91	0.00
31.92	0.00
31.93	0.00
31.94	0.00
31.95	0.00
31.96	0.00
31.97	0.00
31.98	0.00
31.99	0.00
32.00	0.00
32.01	0.00
32.02	0.00
32.03	0.00
32.04	0.00
32.05	0.00
32.06	0.00
32.07	0.00
32.08	0.00
32.09	0.00
32.10	0.00
32.11	0.00
32.12	0.00
32.13	0.00
32.14	0.00
32.15	0.00
32.16	0.00
32.17	0.00
32.18	0.00
32.19	0.00
32.20	0.00
32.21	0.00
32.22	0.00
32.23	0.00
32.24	0.00
32.25	0.00
32.26	0.00
32.27	0.00
32.28	0.00
32.29	0.00
32.30	0.00
32.31	0.00
32.32	0.00
32.33	0.00
32.34	0.00
32.35	0.00
32.36	0.00
32.37	0.00
32.38	0.00
32.39	0.00
32.40	0.00
32.41	0.00
32.42	0.00
32.43	0.00
32.44	0.00
32.45	0.00
32.46	0.00
32.47	0.00
32.48	0.00
32.49	0.00
32.50	0.00
32.51	0.00
32.52	0.00
32.53	0.00
32.54	0.00
32.56	0.00
32.57	0.00
32.58	0.00
32.59	0.00
32.60	0.00
32.61	0.00
32.62	0.00
32.63	0.00
32.64	0.00
32.65	0.00
32.66	0.00
32.67	0.00
32.68	0.00
32.69	0.00
32.70	0.00
32.71	0.00
32.72	0.00
32.73	0.00
32.74	0.00
32.75	0.00
32.76	0.00
32.77	0.00
32.78	0.00
32.79	0.00
32.80	0.00
32.81	0.00
32.82	0.00
32.83	0.00
32.84	0.00
32.85	0.00
32.86	0.00
32.87	0.00
32.88	0.00
32.89	0.00
32.90	0.00
32.91	0.00
32.92	0.00
32.93	0.00
32.94	0.00
32.95	0.00
32.96	0.00
32.97	0.00
32.98	0.00
32.99	0.00
33.00	0.00
33.01	0.00
33.02	0.00
33.03	0.00
33.04	0.00
33.05	0.00
33.06	0.00
33.07	0.00
33.08	0.00
33.09	0.00
33.10	0.00
33.11	0.00
33.12	0.00
33.13	0.00
33.14	0.00
33.15	0.00
33.16	0.00
33.17	0.00
33.18	0.00
33.19	0.00
33.20	0.00
33.21	0.00
33.22	0.00
33.23	0.00
33.24	0.00
33.26	0.00
33.27	0.00
33.28	0.00
33.29	0.00
33.30	0.00
33.31	0.00
33.32	0.00
33.33	0.00
33.34	0.00
33.35	0.00
33.36	0.00
33.37	0.00
33.38	0.00
33.39	0.00
33.40	0.00
33.41	0.00
33.42	0.00
33.43	0.00
33.44	0.00
33.45	0.00
33.46	0.00
33.47	0.00
33.48	0.00
33.49	0.00
33.50	0.00
33.51	0.00
33.52	0.00
33.53	0.00
33.54	0.00
33.55	0.00
33.56	0.00
33.57	0.00
33.58	0.00
33.59	0.00
33.60	0.00
33.61	0.00
33.62	0.00
33.63	0.00
33.64	0.00
33.65	0.00
33.66	0.00
33.67	0.00
33.68	0.00
33.69	0.00
33.70	0.00
33.71	0.00
33.72	0.00
33.73	0.00
33.74	0.00
33.75	0.00
33.76	0.00
33.77	0.00
33.78	0.00
33.79	0.00
33.80	0.00
33.81	0.00
33.82	0.00
33.83	0.00
33.84	0.00
33.85	0.00
33.86	0.00
33.87	0.00
33.88	0.00
33.89	0.00
33.90	0.00
33.91	0.00
33.92	0.00
33.93	0.00
33.94	0.00
33.96	0.00
33.97	0.00
33.98	0.00
33.99	0.00
34.00	0.00
34.01	0.00
34.02	0.00
34.03	0.00
34.04	0.00
34.05	0.00
34.06	0.00
34.07	0.00
34.08	0.00
34.09	0.00
34.10	0.00
34.11	0.00
34.12	0.00
34.13	0.00
34.14	0.00
34.15	0.00
34.16	0.00
34.17	0.00
34.18	0.00
34.19	0.00
34.20	0.00
34.21	0.00
34.22	0.00
34.23	0.00
34.24	0.00
34.25	0.00
34.26	0.00
34.27	0.00
34.28	0.00
34.29	0.00
34.30	0.00
34.31	0.00
34.32	0.00
34.33	0.00
34.34	0.00
34.35	0.00
34.36	0.00
34.37	0.00
34.38	0.00
34.39	0.00
34.40	0.00
34.41	0.00
34.42	0.00
34.43	0.00
34.44	0.00
34.45	0.00
34.46	0.00
34.47	0.00
34.48	0.00
34.49	0.00
34.50	0.00
34.51	0.00
34.52	0.00
34.53	0.00
34.54	0.00
34.55	0.00
34.56	0.00
34.57	0.00
34.58	0.00
34.59	0.00
34.60	0.00
34.61	0.00
34.62	0.00
34.63	0.00
34.64	0.00
34.66	0.00
34.67	0.00
34.68	0.00
34.69	0.00
34.70	0.00
34.71	0.00
34.72	0.00
34.73	0.00
34.74	0.00
34.75	0.00
34.76	0.00
34.77	0.00
34.78	0.00
34.79	0.00
34.80	0.00
34.81	0.00
34.82	0.00
34.83	0.00
34.84	0.00
34.85	0.00
34.86	0.00
34.87	0.00
34.88	0.00
34.89	0.00
34.90	0.00
34.91	0.00
34.92	0.00
34.93	0.00
34.94	0.00
34.95	0.00
34.96	0.00
34.97	0.00
34.98	0.00
34.99	0.00
35.00	0.00
35.01	0.00
35.02	0.00
35.03	0.00
35.04	0.00
35.05	0.00
35.06	0.00
35.07	0.00
35.08	0.00
35.09	0.00
35.10	0.00
35.11	0.00
35.12	0.00
35.13	0.00
35.14	0.00
35.15	0.00
35.16	0.00
35.17	0.00
35.18	0.00
35.19	0.00
35.20	0.00
35.21	0.00
35.22	0.00
35.23	0.00
35.24	0.00
35.25	0.00
35.26	0.00
35.27	0.00
35.28	0.00
35.29	0.00
35.30	0.00
35.31	0.00
35.32	0.00
35.33	0.00
35.34	0.00
35.36	0.00
35.37	0.00
35.38	0.00
35.39	0.00
35.40	0.00
35.41	0.00
35.42	0.00
35.43	0.00
35.44	0.00
35.45	0.00
35.46	0.00
35.47	0.00
35.48	0.00
35.49	0.00
35.50	0.00
35.51	0.00
35.52	0.00
35.53	0.00
35.54	0.00
35.55	0.00
35.56	0.00
35.57	0.00
35.58	0.00
35.59	0.00
35.60	0.00
35.61	0.00
35.62	0.00
35.63	0.00
35.64	0.00
35.65	0.00
35.66	0.00
35.67	0.00
35.68	0.00
35.69	0.00
35.70	0.00
35.71	0.00
35.72	0.00
35.73	0.00
35.74	0.00
35.75	0.00
35.76	0.00
35.77	0.00
35.78	0.00
35.79	0.00
35.80	0.00
35.81	0.00
35.82	0.00
35.83	0.00
35.84	0.00
35.85	0.00
35.86	0.00
35.87	0.00
35.88	0.00
35.89	0.00
35.90	0.00
35.91	0.00
35.92	0.00
35.93	0.00
35.94	0.00
35.95	0.00
35.96	0.00
35.97	0.00
35.98	0.00
35.99	0.00
36.00	0.00
36.01	0.00
36.02	0.00
36.03	0.00
36.04	0.00
36.06	0.00
36.07	0.00
36.08	0.00
36.09	0.00
36.10	0.00
36.11	0.00
36.12	0.00
36.13	0.00
36.14	0.00
36.15	0.00
36.16	0.00
36.17	0.00
36.18	0.00
36.19	0.00
36.20	0.00
36.21	0.00
36.22	0.00
36.23	0.00
36.24	0.00
36.25	0.00
36.26	0.00
36.27	0.00
36.28	0.00
36.29	0.00
36.30	0.00
36.31	0.00
36.32	0.00
36.33	0.00
36.34	0.00
36.35	0.00
36.36	0.00
36.37	0.00
36.38	0.00
36.39	0.00
36.40	0.00
36.41	0.00
36.42	0.00
36.43	0.00
36.44	0.00
36.45	0.00
36.46	0.00
36.47	0.00
36.48	0.00
36.49	0.00
36.50	0.00
36.51	0.00
36.52	0.00
36.53	0.00
36.54	0.00
36.55	0.00
36.56	0.00
36.57	0.00
36.58	0.00
36.59	0.00
36.60	0.00
36.61	0.00
36.62	0.00
36.63	0.00
36.64	0.00
36.65	0.00
36.66	0.00
36.67	0.00
36.68	0.00
36.69	0.00
36.70	0.00
36.71	0.00
36.72	0.00
36.73	0.00
36.74	0.00
36.76	0.00
36.77	0.00
36.78	0.00
36.79	0.00
36.80	0.00
36.81	0.00
36.82	0.00
36.83	0.00
36.84	0.00
36.85	0.00
36.86	0.00
36.87	0.00
36.88	0.00
36.89	0.00
36.90	0.00
36.91	0.00
36.92	0.00
36.93	0.00
36.94	0.00
36.95	0.00
36.96	0.00
36.97	0.00
36.98	0.00
36.99	0.00
37.00	0.00
37.01	0.00
37.02	0.00
37.03	0.00
37.04	0.00
37.05	0.00
37.06	0.00
37.07	0.00
37.08	0.00
37.09	0.00
37.10	0.00
37.11	0.00
37.12	0.00
37.13	0.00
37.14	0.00
37.15	0.00
37.16	0.00
37.17	0.00
37.18	0.00
37.19	0.00
37.20	0.00
37.21	0.00
37.22	0.00
37.23	0.00
37.24	0.00
37.25	0.00
37.26	0.00
37.27	0.00
37.28	0.00
37.29	0.00
37.30	0.00
37.31	0.00
37.32	0.00
37.33	0.00
37.34	0.00
37.35	0.00
37.36	0.00
37.37	0.00
37.38	0.00
37.39	0.00
37.40	0.00
37.41	0.00
37.42	0.00
37.43	0.00
37.44	0.00
37.46	0.00
37.47	0.00
37.48	0.00
37.49	0.00
37.50	0.00
37.51	0.00
37.52	0.00
37.53	0.00
37.54	0.00
37.55	0.00
37.56	0.00
37.57	0.00
37.58	0.00
37.59	0.00
37.60	0.00
37.61	0.00
37.62	0.00
37.63	0.00
37.64	0.00
37.65	0.00
37.66	0.00
37.67	0.00
37.68	0.00
37.69	0.00
37.70	0.00
37.71	0.00
37.72	0.00
37.73	0.00
37.74	0.00
37.75	0.00
37.76	0.00
37.77	0.00
37.78	0.00
37.79	0.00
37.80	0.00
37.81	0.00
37.82	0.00
37.83	0.00
37.84	0.00
37.85	0.00
37.86	0.00
37.87	0.00
37.88	0.00
37.89	0.00
37.90	0.00
37.91	0.00
37.92	0.00
37.93	0.00
37.94	0.00
37.95	0.00
37.96	0.00
37.97	0.00
37.98	0.00
37.99	0.00
38.00	0.00
38.01	0.00
38.02	0.00
38.03	0.00
38.04	0.00
38.05	0.00
38.06	0.00
38.07	0.00
38.08	0.00
38.09	0.00
38.10	0.00
38.11	0.00
38.12	0.00
38.13	0.00
38.14	0.00
38.16	0.00
38.17	0.00
38.18	0.00
38.19	0.00
38.20	0.00
38.21	0.00
38.22	0.00
38.23	0.00
38.24	0.00
38.25	0.00
38.26	0.00
38.27	0.00
38.28	0.00
38.29	0.00
38.30	0.00
38.31	0.00
38.32	0.00
38.33	0.00
38.34	0.00
38.35	0.00
38.36	0.00
38.37	0.00
38.38	0.00
38.39	0.00
38.40	0.00
38.41	0.00
38.42	0.00
38.43	0.00
38.44	0.00
38.45	0.00
38.46	0.00
38.47	0.00
38.48	0.00
38.49	0.00
38.50	0.00
38.51	0.00
38.52	0.00
38.53	0.00
38.54	0.00
38.55	0.00
38.56	0.00
38.57	0.00
38.58	0.00
38.59	0.00
38.60	0.00
38.61	0.00
38.62	0.00
38.63	0.00
38.64	0.00
38.65	0.00
38.66	0.00
38.67	0.00
38.68	0.00
38.69	0.00
38.70	0.00
38.71	0.00
38.72	0.00
38.73	0.00
38.74	0.00
38.75	0.00
38.76	0.00
38.77	0.00
38.78	0.00
38.79	0.00
38.80	0.00
38.81	0.00
38.82	0.00
38.83	0.00
38.84	0.00
38.86	0.00
38.87	0.00
38.88	0.00
38.89	0.00
38.90	0.00
38.91	0.00
38.92	0.00
38.93	0.00
38.94	0.00
38.95	0.00
38.96	0.00
38.97	0.00
38.98	0.00
38.99	0.00
39.00	0.00
39.01	0.00
39.02	0.00
39.03	0.00
39.04	0.00
39.05	0.00
39.06	0.00
39.07	0.00
39.08	0.00
39.09	0.00
39.10	0.00
39.11	0.00
39.12	0.00
39.13	0.00
39.14	0.00
39.15	0.00
39.16	0.00
39.17	0.00
39.18	0.00
39.19	0.00
39.20	0.00
39.21	0.00
39.22	0.00
39.23	0.00
39.24	0.00
39.25	0.00
39.26	0.00
39.27	0.00
39.28	0.00
39.29	0.00
39.30	0.00
39.31	0.00
39.32	0.00
39.33	0.00
39.34	0.00
39.35	0.00
39.36	0.00
39.37	0.00
39.38	0.00
39.39	0.00
39.40	0.00
39.41	0.00
39.42	0.00
39.43	0.00
39.44	0.00
39.45	0.00
39.46	0.00
39.47	0.00
39.48	0.00
39.49	0.00
39.50	0.00
39.51	0.00
39.52	0.00
39.53	0.00
39.54	0.00
39.56	0.00
39.57	0.00
39.58	0.00
39.59	0.00
39.60	0.00
39.61	0.00
39.62	0.00
39.63	0.00
39.64	0.00
39.65	0.00
39.66	0.00
39.67	0.00
39.68	0.00
39.69	0.00
39.70	0.00
39.71	0.00
39.72	0.00
39.73	0.00
39.74	0.00
39.75	0.00
39.76	0.00
39.77	0.00
39.78	0.00
39.79	0.00
39.80	0.00
39.81	0.00
39.82	0.00
39.83	0.00
39.84	0.00
39.85	0.00
39.86	0.00
39.87	0.00
39.88	0.00
39.89	0.00
39.90	0.00
39.91	0.00
39.92	0.00
39.93	0.00
39.94	0.00
39.95	0.00
39.96	0.00
39.97	0.00
39.98	0.00
39.99	0.00
40.00	0.00
40.01	0.00
40.02	0.00
40.03	0.00
40.04	0.00
40.05	0.00
40.06	0.00
40.07	0.00
40.08	0.00
40.09	0.00
40.10	0.00
40.11	0.00
40.12	0.00
40.13	0.00
40.14	0.00
40.15	0.00
40.16	0.00
40.17	0.00
40.18	0.00
40.19	0.00
40.20	0.00
40.21	0.00
40.22	0.00
40.23	0.00
40.24	0.00
40.26	0.00
40.27	0.00
40.28	0.00
40.29	0.00
40.30	0.00
40.31	0.00
40.32	0.00
40.33	0.00
40.34	0.00
40.35	0.00
40.36	0.00
40.37	0.00
40.38	0.00
40.39	0.00
40.40	0.00
40.41	0.00
40.42	0.00
40.43	0.00
40.44	0.00
40.45	0.00
40.46	0.00
40.47	0.00
40.48	0.00
40.49	0.00
40.50	0.00
40.51	0.00
40.52	0.00
40.53	0.00
40.54	0.00
40.55	0.00
40.56	0.00
40.57	0.00
40.58	0.00
40.59	0.00
40.60	0.00
40.61	0.00
40.62	0.00
40.63	0.00
40.64	0.00
40.65	0.00
40.66	0.00
40.67	0.00
40.68	0.00
40.69	0.00
40.70	0.00
40.71	0.00
40.72	0.00
40.73	0.00
40.74	0.00
40.75	0.00
40.76	0.00
40.77	0.00
40.78	0.00
40.79	0.00
40.80	0.00
40.81	0.00
40.82	0.00
40.83	0.00
40.84	0.00
40.85	0.00
40.86	0.00
40.87	0.00
40.88	0.00
40.89	0.00
40.90	0.00
40.91	0.00
40.92	0.00
40.93	0.00
40.94	0.00
40.96	0.00
40.97	0.00
40.98	0.00
40.99	0.00
41.00	0.00
41.01	0.00
41.02	0.00
41.03	0.00
41.04	0.00
41.05	0.00
41.06	0.00
41.07	0.00
41.08	0.00
41.09	0.00
41.10	0.00
41.11	0.00
41.12	0.00
41.13	0.00
41.14	0.00
41.15	0.00
41.16	0.00
41.17	0.00
41.18	0.00
41.19	0.00
41.20	0.00
41.21	0.00
41.22	0.00
41.23	0.00
41.24	0.00
41.25	0.00
41.26	0.00
41.27	0.00
41.28	0.00
41.29	0.00
41.30	0.00
41.31	0.00
41.32	0.00
41.33	0.00
41.34	0.00
41.35	0.00
41.36	0.00
41.37	0.00
41.38	0.00
41.39	0.00
41.40	0.00
41.41	0.00
41.42	0.00
41.43	0.00
41.44	0.00
41.45	0.00
41.46	0.00
41.47	0.00
41.48	0.00
41.49	0.00
41.50	0.00
41.51	0.00
41.52	0.00
41.53	0.00
41.54	0.00
41.55	0.00
41.56	0.00
41.57	0.00
41.58	0.00
41.59	0.00
41.60	0.00
41.61	0.00
41.62	0.00
41.63	0.00
41.64	0.00
41.66	0.00
41.67	0.00
41.68	0.00
41.69	0.00
41.70	0.00
41.71	0.00
41.72	0.00
41.73	0.00
41.74	0.00
41.75	0.00
41.76	0.00
41.77	0.00
41.78	0.00
41.79	0.00
41.80	0.00
41.81	0.00
41.82	0.00
41.83	0.00
41.84	0.00
41.85	0.00
41.86	0.00
41.87	0.00
41.88	0.00
41.89	0.00
41.90	0.00
41.91	0.00
41.92	0.00
41.93	0.00
41.94	0.00
41.95	0.00
41.96	0.00
41.97	0.00
41.98	0.00
41.99	0.00
42.00	0.00
42.01	0.00
42.02	0.00
42.03	0.00
42.04	0.00
42.05	0.00
42.06	0.00
42.07	0.00
42.08	0.00
42.09	0.00
42.10	0.00
42.11	0.00
42.12	0.00
42.13	0.00
42.14	0.00
42.15	0.00
42.16	0.00
42.17	0.00
42.18	0.00
42.19	0.00
42.20	0.00
42.21	0.00
42.22	0.00
42.23	0.00
42.24	0.00
42.25	0.00
42.26	0.00
42.27	0.00
42.28	0.00
42.29	0.00
42.30	0.00
42.31	0.00
42.32	0.00
42.33	0.00
42.34	0.00
42.36	0.00
42.37	0.00
42.38	0.00
42.39	0.00
42.40	0.00
42.41	0.00
42.42	0.00
42.43	0.00
42.44	0.20
42.45	0.00
42.46	0.00
42.47	0.00
42.48	0.00
42.49	0.00
42.50	0.00
42.51	0.00
42.52	0.00
42.53	0.00
42.54	0.00
42.55	0.00
42.56	0.00
42.57	0.00
42.58	0.00
42.59	0.00
42.60	0.00
42.61	0.00
42.62	0.00
42.63	0.00
42.64	0.00
42.65	0.00
42.66	0.00
42.67	0.00
42.68	0.00
42.69	0.00
42.70	0.00
42.71	0.00
42.72	0.00
42.73	0.00
42.74	0.00
42.75	0.00
42.76	0.00
42.77	0.00
42.78	0.00
42.79	0.00
42.80	0.00
42.81	0.00
42.82	0.00
42.83	0.00
42.84	0.00
42.85	0.00
42.86	0.00
42.87	0.00
42.88	0.00
42.89	0.00
42.90	0.00
42.91	0.00
42.92	0.00
42.93	0.00
42.94	0.00
42.95	0.00
42.96	0.00
42.97	0.00
42.98	0.00
42.99	0.00
43.00	0.00
43.01	0.00
43.02	0.00
43.03	0.00
43.04	0.00
43.06	0.00
43.07	0.00
43.08	0.00
43.09	0.00
43.10	0.00
43.11	0.00
43.12	0.00
43.13	0.00
43.14	0.00
43.15	0.00
43.16	0.00
43.17	0.00
43.18	0.00
43.19	0.00
43.20	0.00
43.21	0.00
43.22	0.00
43.23	0.00
43.24	0.00
43.25	0.00
43.26	0.00
43.27	0.00
43.28	0.00
43.29	0.00
43.30	0.00
43.31	0.00
43.32	0.00
43.33	0.00
43.34	0.00
43.35	0.00
43.36	0.00
43.37	0.00
43.38	0.00
43.39	0.00
43.40	0.00
43.41	0.00
43.42	0.00
43.43	0.00
43.44	0.00
43.45	0.00
43.46	0.00
43.47	0.00
43.48	0.00
43.49	0.00
43.50	0.00
43.51	0.00
43.52	0.00
43.53	0.00
43.54	0.00
43.55	0.00
43.56	0.00
43.57	0.00
43.58	0.00
43.59	0.00
43.60	0.00
43.61	0.00
43.62	0.00
43.63	0.00
43.64	0.00
43.65	0.00
43.66	0.00
43.67	0.00
43.68	0.00
43.69	0.00
43.70	0.00
43.71	0.00
43.72	0.00
43.73	0.00
43.74	0.00
43.76	0.00
43.77	0.00
43.78	0.00
43.79	0.00
43.80	0.00
43.81	0.00
43.82	0.00
43.83	0.00
43.84	0.00
43.85	0.00
43.86	0.00
43.87	0.00
43.88	0.00
43.89	0.00
43.90	0.00
43.91	0.00
43.92	0.00
43.93	0.00
43.94	0.00
43.95	0.00
43.96	0.00
43.97	0.00
43.98	0.00
43.99	0.00
44.00	0.00
44.01	0.00
44.02	0.00
44.03	0.00
44.04	0.00
44.05	0.00
44.06	0.00
44.07	0.00
44.08	0.00
44.09	0.00
44.10	0.00
44.11	0.00
44.12	0.00
44.13	0.00
44.14	0.00
44.15	0.00
44.16	0.00
44.17	0.00
44.18	0.00
44.19	0.00
44.20	0.00
44.21	0.00
44.22	0.00
44.23	0.00
44.24	0.00
44.25	0.00
44.26	0.00
44.27	0.00
44.28	0.00
44.29	0.00
44.30	0.00
44.31	0.00
44.32	0.00
44.33	0.00
44.34	0.00
44.35	0.00
44.36	0.00
44.37	0.00
44.38	0.00
44.39	0.00
44.40	0.00
44.41	0.00
44.42	0.00
44.43	0.00
44.44	0.00
44.46	0.00
44.47	0.00
44.48	0.00
44.49	0.00
44.50	0.00
44.51	0.00
44.52	0.00
44.53	0.00
44.54	0.00
44.55	0.00
44.56	0.00
44.57	0.00
44.58	0.00
44.59	0.00
44.60	0.00
44.61	0.00
44.62	0.00
44.63	0.00
44.64	0.00
44.65	0.00
44.66	0.00
44.67	0.00
44.68	0.00
44.69	0.00
44.70	0.00
44.71	0.00
44.72	0.00
44.73	0.00
44.74	0.00
44.75	0.00
44.76	0.00
44.77	0.00
44.78	0.00
44.79	0.00
44.80	0.00
44.81	0.00
44.82	0.00
44.83	0.00
44.84	0.00
44.85	0.00
44.86	0.00
44.87	0.00
44.88	0.00
44.89	0.00
44.90	0.00
44.91	0.00
44.92	0.00
44.93	0.00
44.94	0.00
44.95	0.00
44.96	0.00
44.97	0.00
44.98	0.00
44.99	0.00
45.00	0.00
45.01	0.00
45.02	0.00
45.03	0.00
45.04	0.00
45.05	0.00
45.06	0.00
45.07	0.00
45.08	0.00
45.09	0.00
45.10	0.00
45.11	0.00
45.12	0.00
45.13	0.00
45.14	0.00
45.16	0.00
45.17	0.00
45.18	0.00
45.19	0.00
45.20	0.00
45.21	0.00
45.22	0.00
45.23	0.00
45.24	0.00
45.25	0.00
45.26	0.00
45.27	0.00
45.28	0.00
45.29	0.00
45.30	0.00
45.31	0.00
45.32	0.00
45.33	0.00
45.34	0.00
45.35	0.00
45.36	0.00
45.37	0.00
45.38	0.00
45.39	0.00
45.40	0.00
45.41	0.00
45.42	0.00
45.43	0.00
45.44	0.00
45.45	0.00
45.46	0.00
45.47	0.00
45.48	0.00
45.49	0.00
45.50	0.00
45.51	0.00
45.52	0.00
45.53	0.00
45.54	0.00
45.55	0.00
45.56	0.00
45.57	0.00
45.58	0.00
45.59	0.00
45.60	0.00
45.61	0.00
45.62	0.00
45.63	0.00
45.64	0.00
45.65	0.00
45.66	0.00
45.67	0.00
45.68	0.00
45.69	0.00
45.70	0.00
45.71	0.00
45.72	0.00
45.73	0.00
45.74	0.00
45.75	0.00
45.76	0.00
45.77	0.00
45.78	0.00
45.79	0.00
45.80	0.00
45.81	0.00
45.82	0.00
45.83	0.00
45.84	0.00
45.86	0.00
45.87	0.00
45.88	0.00
45.89	0.00
45.90	0.00
45.91	0.00
45.92	0.00
45.93	0.00
45.94	0.00
45.95	0.00
45.96	0.00
45.97	0.00
45.98	0.00
45.99	0.00
46.00	0.00
46.01	0.00
46.02	0.00
46.03	0.00
46.04	0.00
46.05	0.00
46.06	0.00
46.07	0.00
46.08	0.00
46.09	0.00
46.10	0.00
46.11	0.00
46.12	0.00
46.13	0.00
46.14	0.00
46.15	0.00
46.16	0.00
46.17	0.00
46.18	0.00
46.19	0.00
46.20	0.00
46.21	0.00
46.22	0.00
46.23	0.00
46.24	0.00
46.25	0.00
46.26	0.00
46.27	0.00
46.28	0.00
46.29	0.00
46.30	0.00
46.31	0.00
46.32	0.00
46.33	0.00
46.34	0.00
46.35	0.00
46.36	0.00
46.37	0.00
46.38	0.00
46.39	0.00
46.40	13.07
46.41	0.00
46.42	0.00
46.43	0.00
46.44	0.00
46.45	0.00
46.46	0.00
46.47	0.00
46.48	0.00
46.49	0.00
46.50	0.00
46.51	0.00
46.52	0.00
46.53	0.00
46.54	0.00
46.56	0.00
46.57	0.00
46.58	0.00
46.59	0.00
46.60	0.00
46.61	0.00
46.62	0.00
46.63	0.00
46.64	0.00
46.65	0.00
46.66	0.00
46.67	0.00
46.68	0.00
46.69	0.00
46.70	0.00
46.71	0.00
46.72	0.00
46.73	0.00
46.74	0.00
46.75	0.00
46.76	0.00
46.77	0.00
46.78	0.00
46.79	0.00
46.80	0.00
46.81	0.00
46.82	0.00
46.83	0.00
46.84	0.00
46.85	0.00
46.86	0.00
46.87	0.00
46.88	0.00
46.89	0.00
46.90	0.00
46.91	0.00
46.92	0.00
46.93	0.00
46.94	0.00
46.95	0.00
46.96	0.00
46.97	0.00
46.98	0.00
46.99	0.49
47.00	0.00
47.01	0.00
47.02	0.00
47.03	0.00
47.04	0.00
47.05	0.00
47.06	0.00
47.07	0.00
47.08	0.00
47.09	0.00
47.10	0.00
47.11	0.00
47.12	0.00
47.13	0.00
47.14	0.00
47.15	0.00
47.16	0.00
47.17	0.00
47.18	0.00
47.19	0.00
47.20	0.00
47.21	0.00
47.22	0.00
47.23	0.00
47.24	0.00
47.26	0.00
47.27	0.00
47.28	0.00
47.29	0.00
47.30	0.00
47.31	0.00
47.32	0.00
47.33	0.00
47.34	0.00
47.35	0.00
47.36	0.00
47.37	0.00
47.38	0.00
47.39	0.00
47.40	0.00
47.41	0.00
47.42	0.00
47.43	0.00
47.44	0.00
47.45	0.00
47.46	0.00
47.47	0.00
47.48	0.00
47.49	0.00
47.50	0.00
47.51	0.00
47.52	0.00
47.53	0.00
47.54	0.00
47.55	0.00
47.56	0.00
47.57	0.00
47.58	0.00
47.59	0.00
47.60	0.00
47.61	0.00
47.62	0.00
47.63	0.00
47.64	0.00
47.65	0.00
47.66	0.00
47.67	0.00
47.68	0.00
47.69	0.00
47.70	0.00
47.71	0.00
47.72	0.00
47.73	0.00
47.74	0.00
47.75	0.00
47.76	0.00
47.77	0.00
47.78	0.00
47.79	0.00
47.80	0.00
47.81	0.00
47.82	0.00
47.83	0.00
47.84	0.00
47.85	0.00
47.86	0.00
47.87	0.00
47.88	0.00
47.89	0.00
47.90	0.00
47.91	0.00
47.92	0.00
47.93	0.00
47.94	0.00
47.96	0.00
47.97	0.00
47.98	0.00
47.99	0.00
48.00	0.00
48.01	0.00
48.02	0.00
48.03	0.00
48.04	0.00
48.05	0.00
48.06	0.00
48.07	0.00
48.08	0.00
48.09	0.00
48.10	0.00
48.11	0.00
48.12	0.00
48.13	0.00
48.14	0.00
48.15	0.00
48.16	0.00
48.17	0.00
48.18	0.00
48.19	0.00
48.20	0.00
48.21	0.00
48.22	0.00
48.23	0.00
48.24	0.00
48.25	0.00
48.26	0.00
48.27	0.00
48.28	0.00
48.29	0.00
48.30	0.00
48.31	0.00
48.32	0.00
48.33	0.00
48.34	0.00
48.35	0.00
48.36	0.00
48.37	0.00
48.38	0.00
48.39	0.00
48.40	0.00
48.41	0.00
48.42	0.00
48.43	0.00
48.44	0.22
48.45	0.00
48.46	0.00
48.47	0.00
48.48	0.00
48.49	0.00
48.50	0.00
48.51	0.00
48.52	0.00
48.53	0.00
48.54	0.00
48.55	0.00
48.56	0.00
48.57	0.00
48.58	0.00
48.59	0.00
48.60	0.00
48.61	0.00
48.62	0.00
48.63	0.00
48.64	0.00
48.66	0.00
48.67	0.00
48.68	0.00
48.69	0.00
48.70	0.00
48.71	0.00
48.72	0.00
48.73	0.00
48.74	0.00
48.75	0.00
48.76	0.00
48.77	0.00
48.78	0.00
48.79	0.00
48.80	0.00
48.81	0.00
48.82	0.00
48.83	0.00
48.84	0.00
48.85	0.00
48.86	0.00
48.87	0.00
48.88	0.00
48.89	0.00
48.90	0.00
48.91	0.00
48.92	0.00
48.93	0.00
48.94	0.00
48.95	0.00
48.96	0.00
48.97	0.00
48.98	0.00
48.99	0.00
49.00	0.00
49.01	0.00
49.02	0.00
49.03	0.00
49.04	0.00
49.05	0.00
49.06	0.00
49.07	0.00
49.08	0.00
49.09	0.00
49.10	0.00
49.11	0.00
49.12	0.00
49.13	0.00
49.14	0.00
49.15	0.00
49.16	0.00
49.17	0.00
49.18	0.00
49.19	0.00
49.20	0.00
49.21	0.00
49.22	0.00
49.23	0.00
49.24	0.00
49.25	0.00
49.26	0.00
49.27	0.00
49.28	0.00
49.29	0.00
49.30	0.00
49.31	0.00
49.32	0.00
49.33	0.00
49.34	0.00
49.36	0.00
49.37	0.00
49.38	0.00
49.39	0.00
49.40	0.00
49.41	0.00
49.42	0.00
49.43	0.00
49.44	0.00
49.45	0.00
49.46	0.00
49.47	0.00
49.48	0.00
49.49	0.00
49.50	0.00
49.51	0.00
49.52	0.00
49.53	0.00
49.54	0.00
49.55	0.00
49.56	0.00
49.57	0.00
49.58	0.00
49.59	0.00
49.60	0.00
49.61	0.00
49.62	0.00
49.63	0.00
49.64	0.00
49.65	0.00
49.66	0.00
49.67	0.00
49.68	0.00
49.69	0.00
49.70	0.00
49.71	0.00
49.72	0.00
49.73	0.00
49.74	0.00
49.75	0.00
49.76	0.00
49.77	0.00
49.78	0.00
49.79	0.00
49.80	0.00
49.81	0.00
49.82	0.00
49.83	0.00
49.84	0.00
49.85	0.00
49.86	0.00
49.87	0.00
49.88	0.00
49.89	0.00
49.90	0.00
49.91	0.00
49.92	0.00
49.93	0.00
49.94	0.00
49.95	0.00
49.96	0.00
49.97	0.00
49.98	0.00
49.99	0.00
50.00	0.00
50.01	0.00
50.02	0.00
50.03	0.00
50.04	0.00
50.06	0.00
50.07	0.00
50.08	0.00
50.09	0.00
50.10	0.00
50.11	0.00
50.12	0.00
50.13	0.00
50.14	0.00
50.15	0.00
50.16	0.00
50.17	0.00
50.18	0.00
50.19	0.00
50.20	0.00
50.21	0.00
50.22	0.00
50.23	0.00
50.24	0.00
50.25	0.00
50.26	0.00
50.27	0.00
50.28	0.00
50.29	0.00
50.30	0.00
50.31	0.00
50.32	0.00
50.33	0.00
50.34	0.00
50.35	0.00
50.36	0.00
50.37	0.00
50.38	0.00
50.39	0.00
50.40	0.00
50.41	0.00
50.42	0.00
50.43	0.00
50.44	0.00
50.45	0.00
50.46	0.00
50.47	0.00
50.48	0.00
50.49	0.00
50.50	0.00
50.51	0.00
50.52	0.00
50.53	0.00
50.54	0.00
50.55	0.00
50.56	0.00
50.57	0.00
50.58	0.00
50.59	0.00
50.60	0.00
50.61	0.00
50.62	0.00
50.63	0.00
50.64	0.00
50.65	0.00
50.66	0.00
50.67	0.00
50.68	0.00
50.69	0.00
50.70	0.00
50.71	0.00
50.72	0.00
50.73	0.00
50.74	0.00
50.76	0.00
50.77	0.00
50.78	0.00
50.79	0.00
50.80	0.00
50.81	0.00
50.82	0.00
50.83	0.00
50.84	0.00
50.85	0.00
50.86	0.00
50.87	0.00
50.88	0.00
50.89	0.00
50.90	0.00
50.91	0.00
50.92	0.00
50.93	0.00
50.94	0.00
50.95	0.00
50.96	0.00
50.97	0.00
50.98	0.00
50.99	0.00
51.00	0.00
51.01	0.00
51.02	0.00
51.03	0.00
51.04	0.00
51.05	0.00
51.06	0.00
51.07	0.00
51.08	0.00
51.09	0.00
51.10	0.00
51.11	0.00
51.12	0.00
51.13	0.00
51.14	0.00
51.15	0.00
51.16	2.46
51.17	0.00
51.18	0.00
51.19	0.00
51.20	0.00
51.21	0.00
51.22	0.00
51.23	0.00
51.24	0.00
51.25	0.00
51.26	0.00
51.27	0.00
51.28	0.00
51.29	0.00
51.30	0.00
51.31	0.00
51.32	0.00
51.33	0.00
51.34	0.00
51.35	0.00
51.36	0.00
51.37	0.00
51.38	0.00
51.39	0.00
51.40	0.00
51.41	0.00
51.42	0.00
51.43	0.00
51.44	0.00
51.46	0.00
51.47	0.00
51.48	0.00
51.49	0.00
51.50	0.00
51.51	0.00
51.52	0.00
51.53	0.00
51.54	0.00
51.55	0.00
51.56	0.00
51.57	0.00
51.58	0.00
51.59	0.00
51.60	0.00
51.61	0.00
51.62	0.00
51.63	0.00
51.64	0.00
51.65	0.00
51.66	0.00
51.67	0.00
51.68	0.00
51.69	0.00
51.70	0.00
51.71	0.00
51.72	0.00
51.73	0.00
51.74	0.00
51.75	0.00
51.76	0.00
51.77	0.00
51.78	0.00
51.79	0.00
51.80	0.00
51.81	0.00
51.82	0.00
51.83	0.00
51.84	0.00
51.85	0.00
51.86	0.00
51.87	0.00
51.88	0.00
51.89	0.00
51.90	0.00
51.91	0.00
51.92	0.00
51.93	0.00
51.94	0.00
51.95	0.00
51.96	0.00
51.97	0.00
51.98	0.00
51.99	0.00
52.00	0.00
52.01	0.00
52.02	0.00
52.03	0.00
52.04	0.00
52.05	0.00
52.06	0.00
52.07	0.00
52.08	0.00
52.09	0.00
52.10	0.00
52.11	0.00
52.12	0.00
52.13	0.00
52.14	0.00
52.16	0.00
52.17	0.00
52.18	0.00
52.19	0.00
52.20	0.00
52.21	0.00
52.22	0.00
52.23	0.00
52.24	0.00
52.25	0.00
52.26	0.00
52.27	0.00
52.28	0.00
52.29	0.00
52.30	0.00
52.31	0.00
52.32	0.00
52.33	0.00
52.34	0.00
52.35	0.00
52.36	0.00
52.37	0.00
52.38	0.00
52.39	0.00
52.40	0.00
52.41	0.00
52.42	0.00
52.43	0.00
52.44	0.00
52.45	0.00
52.46	0.00
52.47	0.00
52.48	0.00
52.49	0.00
52.50	0.00
52.51	0.00
52.52	0.00
52.53	0.00
52.54	0.00
52.55	0.00
52.56	0.00
52.57	0.00
52.58	0.00
52.59	0.00
52.60	0.00
52.61	0.00
52.62	0.00
52.63	0.00
52.64	0.00
52.65	0.00
52.66	0.00
52.67	0.00
52.68	0.00
52.69	0.00
52.70	0.00
52.71	0.00
52.72	0.00
52.73	0.00
52.74	0.00
52.75	0.00
52.76	0.00
52.77	0.00
52.78	0.00
52.79	0.00
52.80	0.00
52.81	0.00
52.82	0.00
52.83	0.00
52.84	0.00
52.86	0.00
52.87	0.00
52.88	0.00
52.89	0.00
52.90	0.00
52.91	0.00
52.92	0.00
52.93	0.00
52.94	0.00
52.95	0.00
52.96	0.00
52.97	0.00
52.98	0.00
52.99	0.00
53.00	0.00
53.01	0.00
53.02	0.00
53.03	0.00
53.04	0.00
53.05	0.00
53.06	0.00
53.07	0.00
53.08	0.00
53.09	0.00
53.10	0.00
53.11	0.00
53.12	0.00
53.13	0.00
53.14	0.00
53.15	0.00
53.16	0.00
53.17	0.00
53.18	0.00
53.19	0.00
53.20	0.00
53.21	0.00
53.22	0.00
53.23	0.00
53.24	0.00
53.25	0.00
53.26	0.00
53.27	0.00
53.28	0.00
53.29	0.00
53.30	0.00
53.31	0.00
53.32	0.00
53.33	0.00
53.34	0.00
53.35	0.00
53.36	0.00
53.37	0.00
53.38	0.00
53.39	0.00
53.40	0.00
53.41	0.00
53.42	0.00
53.43	0.00
53.44	0.00
53.45	0.00
53.46	0.00
53.47	0.00
53.48	0.00
53.49	0.00
53.50	0.00
53.51	0.00
53.52	0.00
53.53	0.00
53.54	0.00
53.56	0.00
53.57	0.00
53.58	0.00
53.59	0.00
53.60	0.00
53.61	0.00
53.62	0.00
53.63	0.00
53.64	0.00
53.65	0.00
53.66	0.00
53.67	0.00
53.68	0.00
53.69	0.00
53.70	0.00
53.71	0.00
53.72	0.00
53.73	0.00
53.74	0.00
53.75	0.00
53.76	0.00
53.77	0.00
53.78	0.00
53.79	0.00
53.80	0.00
53.81	0.00
53.82	0.00
53.83	0.00
53.84	0.00
53.85	0.00
53.86	0.00
53.87	0.00
53.88	0.00
53.89	0.00
53.90	0.00
53.91	0.00
53.92	0.00
53.93	0.00
53.94	0.00
53.95	0.00
53.96	0.00
53.97	0.00
53.98	0.00
53.99	0.00
54.00	0.00
54.01	0.00
54.02	0.00
54.03	0.00
54.04	0.00
54.05	0.00
54.06	0.00
54.07	0.00
54.08	0.00
54.09	0.00
54.10	0.00
54.11	0.00
54.12	0.00
54.13	0.00
54.14	0.00
54.15	0.00
54.16	0.00
54.17	0.00
54.18	0.00
54.19	0.00
54.20	0.00
54.21	0.00
54.22	0.00
54.23	0.00
54.24	0.00
54.26	0.00
54.27	0.00
54.28	0.00
54.29	0.00
54.30	10.39
54.31	0.00
54.32	0.00
54.33	0.00
54.34	0.00
54.35	0.00
54.36	0.00
54.37	0.00
54.38	0.00
54.39	0.00
54.40	0.00
54.41	0.00
54.42	0.00
54.43	0.00
54.44	0.00
54.45	0.00
54.46	0.00
54.47	0.00
54.48	0.00
54.49	0.00
54.50	0.00
54.51	0.00
54.52	0.00
54.53	0.00
54.54	0.00
54.55	0.00
54.56	0.00
54.57	0.00
54.58	0.00
54.59	0.00
54.60	0.00
54.61	0.00
54.62	0.00
54.63	0.00
54.64	0.00
54.65	0.00
54.66	0.00
54.67	0.00
54.68	0.00
54.69	0.00
54.70	0.00
54.71	0.00
54.72	0.00
54.73	0.00
54.74	0.00
54.75	0.00
54.76	0.00
54.77	0.00
54.78	0.00
54.79	0.00
54.80	0.00
54.81	0.00
54.82	0.00
54.83	0.00
54.84	0.00
54.85	0.00
54.86	0.00
54.87	0.00
54.88	0.00
54.89	0.00
54.90	0.00
54.91	0.00
54.92	0.00
54.93	0.00
54.94	0.00
54.96	0.00
54.97	0.00
54.98	0.00
54.99	0.00
55.00	0.00
55.01	0.00
55.02	0.00
55.03	0.00
55.04	0.00
55.05	0.00
55.06	0.00
55.07	0.00
55.08	0.00
55.09	0.00
55.10	0.00
55.11	0.00
55.12	0.00
55.13	0.00
55.14	0.00
55.15	0.00
55.16	0.00
55.17	0.00
55.18	0.00
55.19	0.00
55.20	0.00
55.21	0.00
55.22	0.00
55.23	0.00
55.24	0.00
55.25	0.00
55.26	0.00
55.27	0.00
55.28	0.00
55.29	0.00
55.30	0.00
55.31	0.00
55.32	0.00
55.33	0.00
55.34	0.00
55.35	0.00
55.36	0.00
55.37	0.00
55.38	0.00
55.39	0.00
55.40	0.00
55.41	0.00
55.42	0.00
55.43	0.00
55.44	0.00
55.45	0.00
55.46	0.00
55.47	0.00
55.48	0.00
55.49	0.00
55.50	0.00
55.51	0.00
55.52	0.00
55.53	0.00
55.54	0.00
55.55	0.00
55.56	0.00
55.57	0.00
55.58	0.00
55.59	0.00
55.60	0.00
55.61	0.00
55.62	0.00
55.63	0.00
55.64	0.00
55.66	0.00
55.67	0.00
55.68	0.00
55.69	0.00
55.70	0.00
55.71	0.00
55.72	0.00
55.73	0.00
55.74	0.00
55.75	0.00
55.76	0.00
55.77	0.00
55.78	0.00
55.79	0.00
55.80	0.00
55.81	0.00
55.82	0.00
55.83	0.00
55.84	0.00
55.85	0.00
55.86	0.00
55.87	0.00
55.88	0.00
55.89	0.00
55.90	0.00
55.91	0.00
55.92	0.00
55.93	0.00
55.94	0.00
55.95	0.00
55.96	0.00
55.97	0.00
55.98	0.00
55.99	0.00
56.00	0.00
56.01	0.00
56.02	0.00
56.03	0.00
56.04	0.00
56.05	0.00
56.06	0.00
56.07	0.00
56.08	0.00
56.09	0.00
56.10	0.00
56.11	0.00
56.12	0.00
56.13	0.00
56.14	0.00
56.15	0.00
56.16	0.00
56.17	0.00
56.18	0.00
56.19	0.00
56.20	0.00
56.21	0.00
56.22	0.00
56.23	0.00
56.24	0.00
56.25	0.00
56.26	0.00
56.27	0.00
56.28	0.00
56.29	0.00
56.30	0.00
56.31	0.00
56.32	0.00
56.33	0.00
56.34	0.00
56.36	0.00
56.37	0.00
56.38	0.00
56.39	0.00
56.40	0.00
56.41	0.00
56.42	0.00
56.43	0.00
56.44	0.00
56.45	0.00
56.46	0.00
56.47	0.00
56.48	0.00
56.49	0.00
56.50	0.00
56.51	0.00
56.52	0.00
56.53	0.00
56.54	0.00
56.55	0.00
56.56	0.00
56.57	0.00
56.58	0.00
56.59	0.00
56.60	0.00
56.61	0.00
56.62	0.00
56.63	0.00
56.64	0.00
56.65	0.00
56.66	0.00
56.67	0.00
56.68	0.00
56.69	0.00
56.70	0.00
56.71	0.00
56.72	0.00
56.73	0.00
56.74	0.00
56.75	0.00
56.76	0.00
56.77	0.00
56.78	0.00
56.79	0.00
56.80	0.00
56.81	0.00
56.82	0.00
56.83	0.00
56.84	0.00
56.85	0.00
56.86	0.00
56.87	0.00
56.88	0.00
56.89	0.00
56.90	0.00
56.91	0.00
56.92	0.00
56.93	0.00
56.94	0.00
56.95	0.00
56.96	0.00
56.97	0.00
56.98	0.00
56.99	0.00
57.00	0.00
57.01	0.00
57.02	0.00
57.03	0.00
57.04	0.00
57.06	0.00
57.07	0.00
57.08	0.00
57.09	0.00
57.10	0.00
57.11	0.00
57.12	0.00
57.13	0.00
57.14	0.00
57.15	0.00
57.16	0.00
57.17	0.00
57.18	0.00
57.19	0.00
57.20	0.00
57.21	0.00
57.22	0.00
57.23	0.00
57.24	0.00
57.25	0.00
57.26	0.00
57.27	0.00
57.28	0.00
57.29	0.00
57.30	0.00
57.31	0.00
57.32	0.00
57.33	0.00
57.34	0.00
57.35	0.00
57.36	0.00
57.37	0.00
57.38	0.00
57.39	0.00
57.40	0.00
57.41	0.00
57.42	0.00
57.43	0.00
57.44	0.00
57.45	0.00
57.46	0.00
57.47	0.00
57.48	0.00
57.49	0.00
57.50	0.00
57.51	0.00
57.52	0.00
57.53	0.00
57.54	0.00
57.55	0.00
57.56	0.00
57.57	0.00
57.58	0.00
57.59	0.00
57.60	0.00
57.61	0.00
57.62	0.00
57.63	0.00
57.64	0.00
57.65	0.00
57.66	0.00
57.67	0.00
57.68	0.00
57.69	0.00
57.70	0.00
57.71	0.00
57.72	0.00
57.73	0.00
57.74	0.00
57.76	0.00
57.77	0.00
57.78	0.00
57.79	0.00
57.80	0.00
57.81	0.00
57.82	0.00
57.83	0.00
57.84	0.00
57.85	0.00
57.86	0.00
57.87	0.00
57.88	0.00
57.89	0.00
57.90	0.00
57.91	0.00
57.92	0.00
57.93	0.00
57.94	0.00
57.95	0.00
57.96	0.00
57.97	0.00
57.98	0.00
57.99	0.00
58.00	0.00
58.01	0.00
58.02	0.00
58.03	0.00
58.04	0.00
58.05	0.00
58.06	0.00
58.07	0.00
58.08	0.00
58.09	0.00
58.10	0.00
58.11	0.00
58.12	0.00
58.13	0.00
58.14	0.00
58.15	0.00
58.16	0.00
58.17	0.00
58.18	0.00
58.19	0.00
58.20	0.00
58.21	0.00
58.22	0.00
58.23	0.00
58.24	0.00
58.25	0.00
58.26	0.00
58.27	0.00
58.28	0.00
58.29	0.00
58.30	0.00
58.31	0.00
58.32	0.00
58.33	0.00
58.34	0.00
58.35	0.00
58.36	0.00
58.37	0.00
58.38	0.00
58.39	0.00
58.40	0.00
58.41	0.00
58.42	0.00
58.43	0.00
58.44	0.00
58.46	0.00
58.47	0.00
58.48	0.00
58.49	0.00
58.50	0.00
58.51	0.00
58.52	0.00
58.53	0.00
58.54	0.00
58.55	0.00
58.56	0.00
58.57	0.00
58.58	0.00
58.59	0.00
58.60	0.00
58.61	0.00
58.62	0.00
58.63	0.00
58.64	0.00
58.65	0.00
58.66	0.00
58.67	0.00
58.68	0.00
58.69	0.00
58.70	0.00
58.71	0.00
58.72	0.00
58.73	0.00
58.74	0.00
58.75	0.00
58.76	0.00
58.77	0.00
58.78	0.00
58.79	0.00
58.80	0.00
58.81	0.00
58.82	0.00
58.83	0.00
58.84	0.00
58.85	0.00
58.86	0.00
58.87	0.00
58.88	0.00
58.89	0.00
58.90	0.00
58.91	0.00
58.92	0.00
58.93	0.00
58.94	0.00
58.95	0.00
58.96	0.00
58.97	0.00
58.98	0.00
58.99	0.00
59.00	0.00
59.01	0.00
59.02	0.00
59.03	0.00
59.04	0.00
59.05	0.00
59.06	0.00
59.07	0.00
59.08	0.00
59.09	0.00
59.10	0.00
59.11	0.00
59.12	0.00
59.13	0.00
59.14	0.00
59.16	0.00
59.17	0.00
59.18	0.00
59.19	0.00
59.20	0.00
59.21	0.00
59.22	0.00
59.23	0.00
59.24	0.00
59.25	0.00
59.26	0.00
59.27	0.00
59.28	0.00
59.29	0.00
59.30	0.00
59.31	0.00
59.32	0.00
59.33	0.00
59.34	0.00
59.35	0.00
59.36	0.00
59.37	0.00
59.38	0.00
59.39	0.00
59.40	0.00
59.41	0.00
59.42	0.00
59.43	0.00
59.44	0.00
59.45	0.00
59.46	0.00
59.47	0.00
59.48	0.00
59.49	0.00
59.50	0.00
59.51	0.00
59.52	14.17
59.53	0.00
59.54	0.00
59.55	0.00
59.56	0.00
59.57	0.00
59.58	0.00
59.59	0.00
59.60	0.00
59.61	0.00
59.62	0.00
59.63	0.00
59.64	0.00
59.65	0.00
59.66	0.00
59.67	0.00
59.68	0.00
59.69	0.00
59.70	0.00
59.71	0.00
59.72	0.00
59.73	0.00
59.74	0.00
59.75	0.00
59.76	0.00
59.77	0.00
59.78	0.00
59.79	0.00
59.80	0.00
59.81	0.00
59.82	0.00
59.83	0.00
59.84	0.00
59.86	0.00
59.87	0.00
59.88	0.00
59.89	0.00
59.90	0.00
59.91	0.00
59.92	0.00
59.93	0.00
59.94	0.00
59.95	0.00
59.96	0.00
59.97	0.00
59.98	0.00
59.99	0.00
60.00	0.00
60.01	0.00
60.02	0.00
60.03	0.00
60.04	0.00
60.05	0.00
60.06	0.00
60.07	0.00
60.08	0.00
60.09	0.00
60.10	0.00
60.11	0.00
60.12	0.00
60.13	0.00
60.14	0.00
60.15	0.00
60.16	0.00
60.17	0.00
60.18	0.00
60.19	0.00
60.20	0.00
60.21	0.00
60.22	0.00
60.23	0.00
60.24	0.00
60.25	0.00
60.26	0.00
60.27	0.00
60.28	0.00
60.29	0.00
60.30	0.00
60.31	0.00
60.32	0.00
60.33	0.00
60.34	0.00
60.35	0.00
60.36	0.00
60.37	0.00
60.38	0.00
60.39	0.00
60.40	0.00
60.41	0.00
60.42	0.00
60.43	0.00
60.44	0.00
60.45	0.00
60.46	0.00
60.47	0.00
60.48	0.00
60.49	0.00
60.50	0.00
60.51	0.00
60.52	0.00
60.53	1.00
60.54	0.00
60.56	0.00
60.57	0.00
60.58	0.00
60.59	0.00
60.60	0.00
60.61	0.00
60.62	0.00
60.63	0.00
60.64	0.00
60.65	0.00
60.66	0.00
60.67	0.00
60.68	0.00
60.69	0.00
60.70	0.00
60.71	0.00
60.72	0.00
60.73	0.00
60.74	0.00
60.75	0.00
60.76	0.00
60.77	0.00
60.78	8.80
60.79	0.00
60.80	0.00
60.81	0.00
60.82	0.00
60.83	0.00
60.84	0.00
60.85	0.00
60.86	0.00
60.87	0.00
60.88	0.00
60.89	0.00
60.90	0.00
60.91	0.00
60.92	0.00
60.93	0.00
60.94	0.00
60.95	0.00
60.96	0.00
60.97	0.00
60.98	0.00
60.99	0.00
61.00	0.00
61.01	0.00
61.02	0.00
61.03	0.00
61.04	0.00
61.05	0.89
61.06	0.00
61.07	0.00
61.08	0.00
61.09	0.00
61.10	0.00
61.11	0.00
61.12	0.00
61.13	0.00
61.14	0.00
61.15	0.00
61.16	0.00
61.17	0.00
61.18	0.00
61.19	0.00
61.20	0.00
61.21	0.00
61.22	0.00
61.23	0.00
61.24	0.00
61.26	0.00
61.27	0.00
61.28	0.00
61.29	0.00
61.30	0.00
61.31	0.00
61.32	0.00
61.33	0.00
61.34	0.00
61.35	0.00
61.36	0.00
61.37	0.00
61.38	0.00
61.39	0.00
61.40	0.00
61.41	0.00
61.42	0.00
61.43	0.00
61.44	0.00
61.45	0.00
61.46	0.00
61.47	0.00
61.48	0.00
61.49	0.00
61.50	0.00
61.51	0.00
61.52	0.00
61.53	0.00
61.54	0.00
61.55	0.00
61.56	0.00
61.57	0.00
61.58	0.00
61.59	0.00
61.60	0.00
61.61	0.00
61.62	0.00
61.63	0.00
61.64	0.00
61.65	0.00
61.66	0.00
61.67	0.00
61.68	0.00
61.69	0.00
61.70	0.00
61.71	0.00
61.72	0.00
61.73	0.00
61.74	0.00
61.75	0.00
61.76	0.00
61.77	0.00
61.78	0.00
61.79	0.00
61.80	0.00
61.81	0.00
61.82	0.00
61.83	0.00
61.84	0.00
61.85	0.00
61.86	0.00
61.87	0.00
61.88	0.00
61.89	0.00
61.90	0.00
61.91	0.00
61.92	0.00
61.93	0.00
61.94	0.00
61.96	0.00
61.97	0.00
61.98	0.00
61.99	0.00
62.00	0.00
62.01	0.00
62.02	0.00
62.03	0.00
62.04	0.00
62.05	0.00
62.06	0.00
62.07	0.00
62.08	0.00
62.09	0.00
62.10	0.00
62.11	11.32
62.12	0.00
62.13	0.00
62.14	0.00
62.15	0.00
62.16	0.00
62.17	0.00
62.18	0.00
62.19	0.00
62.20	0.00
62.21	0.00
62.22	0.00
62.23	0.00
62.24	0.00
62.25	0.00
62.26	0.00
62.27	0.00
62.28	0.00
62.29	0.00
62.30	0.00
62.31	0.00
62.32	0.00
62.33	0.00
62.34	0.00
62.35	0.00
62.36	0.00
62.37	0.00
62.38	0.00
62.39	0.00
62.40	0.00
62.41	0.00
62.42	0.00
62.43	0.00
62.44	0.00
62.45	0.00
62.46	0.00
62.47	0.00
62.48	0.00
62.49	0.00
62.50	0.00
62.51	0.00
62.52	0.00
62.53	0.00
62.54	0.00
62.55	0.00
62.56	0.00
62.57	0.00
62.58	0.00
62.59	0.00
62.60	0.00
62.61	0.00
62.62	0.00
62.63	0.00
62.64	0.00
62.66	0.00
62.67	0.00
62.68	0.00
62.69	0.00
62.70	0.00
62.71	0.00
62.72	0.00
62.73	0.00
62.74	0.00
62.75	0.00
62.76	0.00
62.77	0.00
62.78	0.00
62.79	0.00
62.80	0.00
62.81	0.00
62.82	0.00
62.83	0.00
62.84	0.00
62.85	0.00
62.86	0.00
62.87	0.00
62.88	0.00
62.89	0.00
62.90	0.00
62.91	0.00
62.92	0.00
62.93	0.00
62.94	0.00
62.95	0.00
62.96	0.00
62.97	0.00
62.98	0.00
62.99	0.00
63.00	0.00
63.01	0.00
63.02	0.00
63.03	0.00
63.04	0.00
63.05	0.00
63.06	0.00
63.07	0.00
63.08	0.00
63.09	0.00
63.10	0.00
63.11	0.00
63.12	0.00
63.13	0.00
63.14	0.00
63.15	0.00
63.16	0.00
63.17	0.00
63.18	0.00
63.19	0.00
63.20	0.00
63.21	0.00
63.22	0.00
63.23	0.00
63.24	0.00
63.25	0.00
63.26	0.00
63.27	0.00
63.28	0.00
63.29	0.00
63.30	0.00
63.31	0.00
63.32	0.00
63.33	0.00
63.34	0.00
63.36	0.00
63.37	0.00
63.38	0.00
63.39	0.00
63.40	0.00
63.41	0.00
63.42	0.00
63.43	0.00
63.44	0.00
63.45	0.00
63.46	0.00
63.47	0.00
63.48	0.00
63.49	0.00
63.50	0.00
63.51	0.00
63.52	0.00
63.53	0.00
63.54	0.00
63.55	0.00
63.56	0.00
63.57	0.00
63.58	0.00
63.59	0.00
63.60	0.00
63.61	0.00
63.62	0.00
63.63	0.00
63.64	0.00
63.65	0.00
63.66	0.00
63.67	0.00
63.68	0.00
63.69	0.00
63.70	0.00
63.71	0.00
63.72	0.00
63.73	0.00
63.74	0.00
63.75	0.00
63.76	0.00
63.77	0.00
63.78	0.00
63.79	0.00
63.80	0.00
63.81	0.00
63.82	0.00
63.83	0.00
63.84	0.00
63.85	0.00
63.86	0.00
63.87	0.00
63.88	0.00
63.89	0.00
63.90	0.00
63.91	0.00
63.92	0.00
63.93	0.00
63.94	0.00
63.95	0.00
63.96	0.00
63.97	0.13
63.98	0.00
63.99	0.00
64.00	0.00
64.01	0.00
64.02	0.00
64.03	0.00
64.04	0.00
64.06	0.00
64.07	0.00
64.08	0.00
64.09	0.00
64.10	0.00
64.11	0.00
64.12	0.00
64.13	0.00
64.14	0.00
64.15	0.00
64.16	0.00
64.17	0.00
64.18	0.00
64.19	0.00
64.20	0.00
64.21	0.00
64.22	0.00
64.23	0.00
64.24	0.00
64.25	0.00
64.26	0.00
64.27	0.00
64.28	0.00
64.29	0.00
64.30	0.00
64.31	0.00
64.32	0.00
64.33	0.00
64.34	0.00
64.35	0.00
64.36	0.00
64.37	0.00
64.38	0.00
64.39	0.00
64.40	0.00
64.41	0.00
64.42	0.00
64.43	0.00
64.44	0.00
64.45	0.00
64.46	0.00
64.47	0.00
64.48	0.00
64.49	0.00
64.50	0.00
64.51	0.00
64.52	0.00
64.53	0.00
64.54	0.00
64.55	0.00
64.56	0.00
64.57	0.00
64.58	0.00
64.59	0.00
64.60	0.00
64.61	0.00
64.62	0.00
64.63	0.00
64.64	0.00
64.65	0.00
64.66	0.00
64.67	0.00
64.68	0.00
64.69	0.00
64.70	0.00
64.71	0.00
64.72	0.00
64.73	0.00
64.74	0.00
64.76	0.00
64.77	0.00
64.78	0.00
64.79	0.00
64.80	0.00
64.81	0.00
64.82	0.00
64.83	0.00
64.84	0.00
64.85	0.00
64.86	0.00
64.87	0.00
64.88	0.00
64.89	0.00
64.90	0.00
64.91	0.00
64.92	0.00
64.93	0.00
64.94	0.00
64.95	0.00
64.96	0.00
64.97	0.00
64.98	0.00
64.99	0.00
65.00	0.00
65.01	0.00
65.02	0.00
65.03	0.00
65.04	0.00
65.05	0.00
65.06	0.00
65.07	0.00
65.08	0.00
65.09	0.00
65.10	0.00
65.11	0.00
65.12	0.00
65.13	0.00
65.14	0.00
65.15	0.00
65.16	0.00
65.17	0.00
65.18	0.00
65.19	0.00
65.20	0.00
65.21	0.00
65.22	0.00
65.23	0.00
65.24	0.00
65.25	0.00
65.26	0.00
65.27	0.00
65.28	0.00
65.29	0.00
65.30	0.00
65.31	0.00
65.32	0.00
65.33	0.00
65.34	0.00
65.35	0.00
65.36	0.00
65.37	0.00
65.38	0.00
65.39	0.00
65.40	0.00
65.41	0.00
65.42	0.00
65.43	0.00
65.44	0.00
65.46	0.00
65.47	0.00
65.48	0.00
65.49	0.00
65.50	0.00
65.51	0.00
65.52	0.00
65.53	0.00
65.54	0.00
65.55	0.00
65.56	0.00
65.57	0.00
65.58	0.00
65.59	0.00
65.60	0.00
65.61	0.00
65.62	0.00
65.63	0.00
65.64	0.00
65.65	0.00
65.66	0.00
65.67	0.00
65.68	0.00
65.69	0.00
65.70	0.00
65.71	0.00
65.72	0.00
65.73	0.00
65.74	0.00
65.75	0.00
65.76	0.00
65.77	0.00
65.78	0.00
65.79	0.00
65.80	0.00
65.81	0.00
65.82	0.00
65.83	0.00
65.84	0.00
65.85	0.00
65.86	0.00
65.87	0.00
65.88	0.00
65.89	0.00
65.90	0.00
65.91	0.00
65.92	0.00
65.93	0.00
65.94	0.00
65.95	0.00
65.96	0.00
65.97	0.00
65.98	0.00
65.99	0.00
66.00	0.00
66.01	0.00
66.02	0.00
66.03	0.00
66.04	0.00
66.05	0.00
66.06	0.00
66.07	0.00
66.08	0.00
66.09	0.00
66.10	0.00
66.11	0.00
66.12	0.00
66.13	0.00
66.14	0.00
66.16	0.00
66.17	0.00
66.18	0.00
66.19	0.00
66.20	0.00
66.21	0.00
66.22	0.00
66.23	0.00
66.24	0.00
66.25	0.00
66.26	0.00
66.27	0.00
66.28	0.00
66.29	0.00
66.30	0.00
66.31	0.00
66.32	0.00
66.33	0.00
66.34	0.00
66.35	0.00
66.36	0.00
66.37	0.00
66.38	0.00
66.39	0.00
66.40	0.00
66.41	0.00
66.42	0.00
66.43	0.00
66.44	0.00
66.45	0.00
66.46	0.00
66.47	0.00
66.48	0.00
66.49	0.00
66.50	0.00
66.51	1.01
66.52	0.00
66.53	0.00
66.54	0.00
66.55	0.00
66.56	0.00
66.57	0.00
66.58	0.00
66.59	0.00
66.60	0.00
66.61	0.00
66.62	0.00
66.63	0.00
66.64	0.00
66.65	0.00
66.66	0.00
66.67	0.00
66.68	0.00
66.69	0.00
66.70	0.00
66.71	0.00
66.72	0.00
66.73	0.00
66.74	0.00
66.75	0.00
66.76	0.00
66.77	0.00
66.78	0.00
66.79	0.00
66.80	0.00
66.81	0.00
66.82	0.00
66.83	0.00
66.84	0.00
66.86	0.00
66.87	0.00
66.88	0.00
66.89	0.00
66.90	0.00
66.91	0.00
66.92	0.00
66.93	0.00
66.94	0.00
66.95	0.00
66.96	0.00
66.97	0.00
66.98	0.00
66.99	0.00
67.00	0.00
67.01	0.00
67.02	0.00
67.03	0.00
67.04	0.00
67.05	0.00
67.06	0.00
67.07	0.00
67.08	0.00
67.09	0.00
67.10	0.00
67.11	0.00
67.12	0.00
67.13	0.00
67.14	0.00
67.15	0.00
67.16	0.00
67.17	0.00
67.18	0.00
67.19	0.00
67.20	0.00
67.21	0.00
67.22	0.00
67.23	0.00
67.24	0.00
67.25	0.00
67.26	0.00
67.27	0.00
67.28	0.00
67.29	0.00
67.30	0.00
67.31	0.00
67.32	0.00
67.33	0.00
67.34	0.00
67.35	0.00
67.36	0.00
67.37	0.00
67.38	0.00
67.39	0.00
67.40	0.00
67.41	0.00
67.42	0.00
67.43	0.00
67.44	0.00
67.45	0.00
67.46	0.00
67.47	0.00
67.48	0.00
67.49	0.00
67.50	0.00
67.51	0.00
67.52	0.00
67.53	0.00
67.54	0.00
67.56	0.00
67.57	0.00
67.58	0.00
67.59	0.00
67.60	0.00
67.61	0.00
67.62	0.00
67.63	0.00
67.64	0.00
67.65	0.00
67.66	0.00
67.67	0.00
67.68	0.00
67.69	0.00
67.70	0.00
67.71	0.00
67.72	0.00
67.73	0.00
67.74	0.00
67.75	0.00
67.76	0.00
67.77	0.00
67.78	0.00
67.79	0.00
67.80	0.00
67.81	0.00
67.82	0.00
67.83	0.00
67.84	0.00
67.85	0.00
67.86	0.00
67.87	0.00
67.88	0.00
67.89	0.00
67.90	0.00
67.91	0.00
67.92	0.00
67.93	0.00
67.94	0.00
67.95	0.00
67.96	0.00
67.97	0.00
67.98	0.00
67.99	0.00
68.00	0.00
68.01	0.00
68.02	0.00
68.03	0.00
68.04	0.00
68.05	0.00
68.06	0.00
68.07	0.00
68.08	0.00
68.09	0.00
68.10	0.00
68.11	0.00
68.12	0.00
68.13	0.00
68.14	0.00
68.15	0.00
68.16	0.00
68.17	0.00
68.18	0.00
68.19	0.00
68.20	0.00
68.21	0.00
68.22	0.00
68.23	0.00
68.24	0.00
68.26	0.00
68.27	0.00
68.28	0.00
68.29	0.00
68.30	0.00
68.31	0.00
68.32	0.00
68.33	1.03
68.34	0.00
68.35	0.00
68.36	0.00
68.37	0.00
68.38	0.00
68.39	0.00
68.40	0.00
68.41	0.00
68.42	0.00
68.43	0.00
68.44	0.00
68.45	0.00
68.46	0.00
68.47	0.00
68.48	0.00
68.49	0.00
68.50	0.00
68.51	0.00
68.52	0.00
68.53	0.00
68.54	0.00
68.55	0.00
68.56	0.00
68.57	0.00
68.58	0.00
68.59	0.00
68.60	0.00
68.61	0.00
68.62	0.00
68.63	0.00
68.64	0.00
68.65	0.00
68.66	0.00
68.67	0.00
68.68	0.00
68.69	0.00
68.70	0.00
68.71	0.00
68.72	0.00
68.73	0.00
68.74	0.00
68.75	0.00
68.76	0.00
68.77	0.00
68.78	0.00
68.79	0.00
68.80	0.00
68.81	0.00
68.82	0.00
68.83	0.00
68.84	0.00
68.85	0.00
68.86	0.00
68.87	0.00
68.88	0.00
68.89	0.00
68.90	0.00
68.91	0.00
68.92	0.00
68.93	0.00
68.94	0.00
68.96	0.00
68.97	0.00
68.98	0.00
68.99	0.00
69.00	0.00
69.01	0.00
69.02	0.00
69.03	0.00
69.04	0.00
69.05	0.00
69.06	0.00
69.07	0.00
69.08	0.00
69.09	0.00
69.10	0.00
69.11	0.00
69.12	0.00
69.13	0.00
69.14	0.00
69.15	0.00
69.16	0.00
69.17	0.00
69.18	0.00
69.19	0.00
69.20	0.00
69.21	0.00
69.22	0.00
69.23	0.00
69.24	0.00
69.25	0.00
69.26	0.00
69.27	0.00
69.28	0.00
69.29	0.00
69.30	0.00
69.31	0.00
69.32	0.00
69.33	0.00
69.34	0.00
69.35	0.00
69.36	0.00
69.37	0.00
69.38	0.00
69.39	0.00
69.40	0.00
69.41	0.00
69.42	0.00
69.43	0.00
69.44	0.00
69.45	0.00
69.46	0.00
69.47	0.00
69.48	0.00
69.49	0.00
69.50	0.00
69.51	0.00
69.52	0.00
69.53	0.00
69.54	0.00
69.55	0.00
69.56	0.00
69.57	0.00
69.58	0.00
69.59	0.00
69.60	0.00
69.61	0.00
69.62	0.00
69.63	0.00
69.64	0.00
69.66	0.00
69.67	0.00
69.68	0.00
69.69	0.00
69.70	0.00
69.71	0.00
69.72	0.00
69.73	0.00
69.74	0.00
69.75	0.00
69.76	0.00
69.77	0.00
69.78	0.00
69.79	0.00
69.80	0.00
69.81	0.00
69.82	0.00
69.83	0.00
69.84	0.00
69.85	0.00
69.86	0.00
69.87	0.00
69.88	0.00
69.89	0.00
69.90	0.00
69.91	0.00
69.92	0.00
69.93	0.00
69.94	0.00
69.95	0.00
69.96	0.00
69.97	0.00
69.98	0.00
69.99	0.00
70.00	0.00
70.01	0.00
70.02	0.00
70.03	0.00
70.04	0.00
70.05	0.00
70.06	0.00
70.07	0.00
70.08	0.00
70.09	0.00
70.10	0.00
70.11	0.00
70.12	0.00
70.13	0.00
70.14	0.00
70.15	0.00
70.16	0.00
70.17	0.00
70.18	0.00
70.19	0.00
70.20	0.00
70.21	0.00
70.22	0.00
70.23	0.00
70.24	0.00
70.25	0.00
70.26	0.00
70.27	0.00
70.28	0.00
70.29	0.00
70.30	0.00
70.31	0.00
70.32	0.00
70.33	0.00
70.34	0.00
70.36	0.00
70.37	0.00
70.38	0.00
70.39	0.00
70.40	0.00
70.41	0.00
70.42	0.00
70.43	0.00
70.44	0.00
70.45	0.00
70.46	0.00
70.47	0.00
70.48	0.00
70.49	0.00
70.50	0.00
70.51	0.00
70.52	0.00
70.53	0.00
70.54	0.00
70.55	0.00
70.56	0.00
70.57	0.00
70.58	0.00
70.59	0.00
70.60	0.00
70.61	0.00
70.62	0.00
70.63	0.00
70.64	0.00
70.65	0.00
70.66	0.00
70.67	0.00
70.68	0.00
70.69	0.00
70.70	0.00
70.71	0.00
70.72	0.00
70.73	0.00
70.74	0.00
70.75	0.00
70.76	0.00
70.77	0.00
70.78	0.00
70.79	0.00
70.80	0.00
70.81	0.00
70.82	0.00
70.83	0.00
70.84	0.00
70.85	0.00
70.86	0.00
70.87	0.00
70.88	0.00
70.89	0.00
70.90	0.00
70.91	0.00
70.92	0.00
70.93	0.00
70.94	0.00
70.95	0.00
70.96	0.00
70.97	0.00
70.98	0.00
70.99	0.00
71.00	0.00
71.01	0.00
71.02	0.00
71.03	0.00
71.04	0.00
71.06	0.00
71.07	13.22
71.08	0.00
71.09	0.00
71.10	0.00
71.11	0.00
71.12	0.00
71.13	0.00
71.14	0.00
71.15	0.00
71.16	0.00
71.17	0.00
71.18	0.00
71.19	0.00
71.20	0.00
71.21	0.00
71.22	0.00
71.23	0.00
71.24	0.00
71.25	0.00
71.26	0.00
71.27	0.00
71.28	0.00
71.29	0.00
71.30	0.00
71.31	0.00
71.32	0.00
71.33	0.00
71.34	0.00
71.35	0.00
71.36	0.00
71.37	0.00
71.38	0.00
71.39	0.00
71.40	0.00
71.41	0.00
71.42	0.00
71.43	0.00
71.44	0.00
71.45	0.00
71.46	0.00
71.47	0.00
71.48	0.00
71.49	0.00
71.50	0.00
71.51	0.00
71.52	0.00
71.53	0.00
71.54	0.00
71.55	0.00
71.56	0.00
71.57	0.00
71.58	0.00
71.59	0.00
71.60	0.00
71.61	0.00
71.62	0.00
71.63	0.00
71.64	0.00
71.65	0.00
71.66	0.00
71.67	0.00
71.68	0.00
71.69	0.00
71.70	0.00
71.71	0.00
71.72	0.00
71.73	0.00
71.74	0.00
71.76	0.00
71.77	0.00
71.78	0.00
71.79	0.00
71.80	0.00
71.81	0.00
71.82	0.00
71.83	0.00
71.84	0.00
71.85	0.00
71.86	0.00
71.87	0.00
71.88	0.00
71.89	0.00
71.90	0.00
71.91	0.00
71.92	0.00
71.93	0.00
71.94	0.00
71.95	0.00
71.96	0.00
71.97	0.00
71.98	0.00
71.99	0.00
72.00	0.00
72.01	0.00
72.02	0.00
72.03	0.00
72.04	0.00
72.05	0.00
72.06	0.00
72.07	0.00
72.08	0.00
72.09	0.00
72.10	0.00
72.11	0.00
72.12	0.00
72.13	0.00
72.14	0.00
72.15	0.00
72.16	5.78
72.17	0.00
72.18	0.00
72.19	0.00
72.20	0.00
72.21	0.00
72.22	0.00
72.23	0.00
72.24	0.00
72.25	0.00
72.26	0.00
72.27	0.00
72.28	0.00
72.29	0.00
72.30	0.00
72.31	0.00
72.32	0.00
72.33	0.00
72.34	0.00
72.35	0.00
72.36	0.00
72.37	0.00
72.38	0.00
72.39	0.00
72.40	0.00
72.41	0.00
72.42	0.00
72.43	0.00
72.44	0.00
72.46	0.00
72.47	0.00
72.48	0.00
72.49	0.00
72.50	0.00
72.51	0.00
72.52	0.00
72.53	0.00
72.54	0.00
72.55	0.00
72.56	0.00
72.57	0.00
72.58	0.00
72.59	0.00
72.60	0.00
72.61	0.00
72.62	0.00
72.63	0.00
72.64	0.00
72.65	0.00
72.66	0.00
72.67	0.00
72.68	0.00
72.69	0.00
72.70	0.00
72.71	0.00
72.72	0.00
72.73	0.00
72.74	0.00
72.75	0.00
72.76	0.00
72.77	0.00
72.78	0.00
72.79	0.00
72.80	0.00
72.81	0.00
72.82	0.00
72.83	0.00
72.84	0.00
72.85	0.00
72.86	0.00
72.87	0.00
72.88	0.00
72.89	0.00
72.90	0.00
72.91	0.00
72.92	0.00
72.93	0.00
72.94	0.00
72.95	0.00
72.96	0.00
72.97	0.00
72.98	0.00
72.99	0.00
73.00	0.00
73.01	0.00
73.02	0.00
73.03	0.00
73.04	0.00
73.05	0.00
73.06	0.00
73.07	0.00
73.08	0.00
73.09	0.00
73.10	0.00
73.11	0.00
73.12	0.00
73.13	0.00
73.14	0.00
73.16	0.00
73.17	0.00
73.18	0.00
73.19	0.00
73.20	0.00
73.21	0.00
73.22	0.00
73.23	0.00
73.24	0.00
73.25	0.00
73.26	0.00
73.27	0.00
73.28	0.00
73.29	0.00
73.30	0.00
73.31	0.00
73.32	0.00
73.33	0.00
73.34	0.00
73.35	0.00
73.36	0.00
73.37	0.00
73.38	0.00
73.39	0.00
73.40	0.00
73.41	0.00
73.42	0.00
73.43	0.00
73.44	0.00
73.45	0.00
73.46	0.00
73.47	0.00
73.48	0.00
73.49	0.00
73.50	0.00
73.51	0.00
73.52	0.00
73.53	0.00
73.54	0.00
73.55	0.00
73.56	0.00
73.57	10.47
73.58	0.00
73.59	0.00
73.60	0.00
73.61	0.00
73.62	0.00
73.63	0.00
73.64	0.00
73.65	0.00
73.66	0.00
73.67	0.00
73.68	0.00
73.69	0.00
73.70	0.00
73.71	0.00
73.72	0.00
73.73	0.00
73.74	0.00
73.75	0.00
73.76	0.00
73.77	0.00
73.78	0.00
73.79	0.00
73.80	0.00
73.81	0.00
73.82	0.00
73.83	0.00
73.84	0.00
73.86	0.00
73.87	0.00
73.88	0.00
73.89	0.00
73.90	0.00
73.91	0.00
73.92	0.00
73.93	0.00
73.94	0.00
73.95	0.00
73.96	0.00
73.97	0.00
73.98	0.00
73.99	0.00
74.00	0.00
74.01	0.00
74.02	0.00
74.03	0.00
74.04	0.00
74.05	0.00
74.06	0.00
74.07	0.00
74.08	0.00
74.09	0.00
74.10	0.00
74.11	0.00
74.12	0.00
74.13	0.00
74.14	0.00
74.15	0.00
74.16	0.00
74.17	0.00
74.18	0.00
74.19	0.00
74.20	0.00
74.21	0.00
74.22	0.00
74.23	0.00
74.24	0.00
74.25	0.00
74.26	0.00
74.27	0.00
74.28	0.00
74.29	0.00
74.30	0.00
74.31	0.00
74.32	0.00
74.33	0.00
74.34	0.00
74.35	0.00
74.36	0.00
74.37	0.00
74.38	0.00
74.39	0.00
74.40	0.33
74.41	0.00
74.42	0.00
74.43	0.00
74.44	0.00
74.45	0.00
74.46	0.00
74.47	0.00
74.48	0.00
74.49	0.00
74.50	0.00
74.51	0.00
74.52	0.00
74.53	0.00
74.54	0.00
74.56	0.00
74.57	0.00
74.58	0.00
74.59	0.00
74.60	0.00
74.61	0.00
74.62	0.00
74.63	0.00
74.64	0.00
74.65	0.00
74.66	0.00
74.67	0.00
74.68	0.00
74.69	0.00
74.70	0.00
74.71	0.00
74.72	0.00
74.73	0.00
74.74	0.00
74.75	0.00
74.76	0.00
74.77	0.00
74.78	0.00
74.79	0.00
74.80	0.00
74.81	0.00
74.82	0.00
74.83	3.92
74.84	0.00
74.85	0.00
74.86	0.00
74.87	0.00
74.88	0.00
74.89	0.00
74.90	0.00
74.91	0.00
74.92	0.00
74.93	0.00
74.94	0.00
74.95	0.00
74.96	0.00
74.97	0.00
74.98	0.00
74.99	0.00
75.00	0.00
75.01	0.00
75.02	0.00
75.03	0.00
75.04	0.31
75.05	0.00
75.06	0.00
75.07	0.00
75.08	0.00
75.09	0.00
75.10	0.00
75.11	0.00
75.12	0.00
75.13	1.70
75.14	0.00
75.15	0.00
75.16	0.00
75.17	0.00
75.18	0.00
75.19	0.00
75.20	0.00
75.21	0.00
75.22	0.00
75.23	0.00
75.24	0.00
75.26	0.00
75.27	0.00
75.28	0.00
75.29	0.00
75.30	0.00
75.31	0.00
75.32	0.00
75.33	0.00
75.34	0.00
75.35	0.00
75.36	0.00
75.37	0.00
75.38	0.00
75.39	0.00
75.40	0.00
75.41	0.00
75.42	0.00
75.43	0.00
75.44	0.00
75.45	0.00
75.46	0.00
75.47	0.00
75.48	0.00
75.49	0.00
75.50	0.00
75.51	0.00
75.52	0.00
75.53	0.00
75.54	0.00
75.55	0.00
75.56	0.00
75.57	0.00
75.58	0.00
75.59	0.00
75.60	0.00
75.61	0.00
75.62	0.00
75.63	0.00
75.64	0.00
75.65	0.00
75.66	0.00
75.67	0.00
75.68	0.00
75.69	0.00
75.70	0.00
75.71	0.00
75.72	0.00
75.73	0.00
75.74	0.00
75.75	0.00
75.76	0.00
75.77	0.00
75.78	0.00
75.79	0.00
75.80	0.00
75.81	0.00
75.82	0.00
75.83	0.00
75.84	0.00
75.85	0.00
75.86	0.00
75.87	0.00
75.88	0.00
75.89	0.00
75.90	0.00
75.91	0.00
75.92	0.00
75.93	0.00
75.94	0.00
75.96	0.00
75.97	0.00
75.98	0.00
75.99	0.00
76.00	0.00
76.01	0.00
76.02	0.00
76.03	0.00
76.04	0.00
76.05	0.00
76.06	0.00
76.07	0.00
76.08	0.00
76.09	0.00
76.10	0.00
76.11	0.00
76.12	0.00
76.13	0.00
76.14	0.00
76.15	0.00
76.16	0.00
76.17	0.00
76.18	0.00
76.19	0.00
76.20	0.00
76.21	0.00
76.22	0.00
76.23	0.00
76.24	0.00
76.25	0.00
76.26	0.00
76.27	0.00
76.28	0.00
76.29	0.00
76.30	0.00
76.31	0.00
76.32	0.00
76.33	0.00
76.34	0.00
76.35	0.00
76.36	0.00
76.37	0.00
76.38	0.00
76.39	0.00
76.40	0.00
76.41	0.00
76.42	0.00
76.43	0.00
76.44	0.00
76.45	0.00
76.46	0.00
76.47	0.00
76.48	0.00
76.49	0.00
76.50	0.00
76.51	0.00
76.52	0.00
76.53	0.00
76.54	0.00
76.55	0.00
76.56	0.00
76.57	0.00
76.58	0.00
76.59	0.00
76.60	0.00
76.61	0.00
76.62	0.00
76.63	0.00
76.64	4.68
76.66	0.00
76.67	0.00
76.68	0.00
76.69	0.00
76.70	0.00
76.71	0.00
76.72	0.00
76.73	0.00
76.74	0.00
76.75	0.00
76.76	0.00
76.77	0.00
76.78	0.00
76.79	0.00
76.80	0.00
76.81	0.00
76.82	0.00
76.83	0.00
76.84	0.00
76.85	0.00
76.86	0.00
76.87	0.00
76.88	0.00
76.89	0.00
76.90	0.00
76.91	0.00
76.92	0.00
76.93	0.00
76.94	0.00
76.95	0.00
76.96	0.00
76.97	0.00
76.98	0.00
76.99	0.00
77.00	0.00
77.01	0.00
77.02	0.00
77.03	0.00
77.04	0.00
77.05	0.00
77.06	0.00
77.07	0.00
77.08	0.00
77.09	0.00
77.10	0.00
77.11	0.00
77.12	0.00
77.13	0.00
77.14	0.00
77.15	0.00
77.16	0.00
77.17	0.00
77.18	0.00
77.19	0.00
77.20	0.68
77.21	0.00
77.22	0.00
77.23	0.00
77.24	0.00
77.25	0.00
77.26	0.00
77.27	0.00
77.28	0.00
77.29	0.00
77.30	0.00
77.31	0.00
77.32	0.00
77.33	0.00
77.34	0.00
77.36	0.00
77.37	0.00
77.38	0.00
77.39	0.00
77.40	0.00
77.41	0.00
77.42	0.00
77.43	0.00
77.44	0.00
77.45	0.00
77.46	0.00
77.47	0.00
77.48	0.00
77.49	0.00
77.50	0.00
77.51	0.00
77.52	0.00
77.53	0.00
77.54	0.00
77.55	0.00
77.56	0.00
77.57	0.00
77.58	0.00
77.59	0.00
77.60	0.00
77.61	0.00
77.62	0.00
77.63	0.00
77.64	0.00
77.65	0.00
77.66	0.00
77.67	0.00
77.68	0.00
77.69	0.00
77.70	0.00
77.71	0.00
77.72	0.00
77.73	0.00
77.74	0.00
77.75	0.00
77.76	0.00
77.77	0.00
77.78	0.00
77.79	0.00
77.80	0.00
77.81	0.00
77.82	0.00
77.83	0.00
77.84	0.00
77.85	0.00
77.86	0.00
77.87	0.00
77.88	0.00
77.89	0.00
77.90	0.00
77.91	0.00
77.92	0.00
77.93	0.00
77.94	0.00
77.95	0.00
77.96	0.00
77.97	0.00
77.98	0.00
77.99	0.00
78.00	0.00
78.01	0.00
78.02	0.00
78.03	0.00
78.04	0.00
78.06	0.00
78.07	5.19
78.08	0.00
78.09	0.00
78.10	0.00
78.11	0.00
78.12	0.00
78.13	0.00
78.14	0.00
78.15	0.00
78.16	0.00
78.17	0.00
78.18	0.00
78.19	0.00
78.20	0.00
78.21	0.00
78.22	0.00
78.23	0.00
78.24	0.00
78.25	0.00
78.26	0.00
78.27	0.00
78.28	0.00
78.29	0.00
78.30	0.00
78.31	0.00
78.32	0.00
78.33	0.00
78.34	0.00
78.35	0.00
78.36	0.00
78.37	0.00
78.38	0.00
78.39	0.00
78.40	0.00
78.41	0.00
78.42	0.00
78.43	0.00
78.44	0.00
78.45	0.00
78.46	0.00
78.47	0.00
78.48	0.00
78.49	0.00
78.50	0.00
78.51	0.00
78.52	0.00
78.53	0.00
78.54	0.00
78.55	0.00
78.56	0.00
78.57	0.00
78.58	0.00
78.59	0.00
78.60	0.00
78.61	0.00
78.62	0.00
78.63	0.00
78.64	0.00
78.65	0.00
78.66	0.00
78.67	0.00
78.68	0.00
78.69	0.00
78.70	0.00
78.71	0.00
78.72	0.00
78.73	0.00
78.74	0.00
78.76	0.00
78.77	0.00
78.78	0.00
78.79	0.00
78.80	0.00
78.81	0.00
78.82	0.00
78.83	0.00
78.84	0.00
78.85	0.00
78.86	0.00
78.87	0.00
78.88	0.00
78.89	0.00
78.90	0.00
78.91	0.00
78.92	0.00
78.93	0.00
78.94	0.00
78.95	0.00
78.96	0.00
78.97	0.00
78.98	0.00
78.99	0.00
79.00	0.00
79.01	0.00
79.02	0.00
79.03	0.00
79.04	0.00
79.05	0.00
79.06	0.00
79.07	0.00
79.08	0.00
79.09	0.00
79.10	0.00
79.11	0.00
79.12	0.00
79.13	0.00
79.14	0.00
79.15	0.00
79.16	0.00
79.17	0.00
79.18	0.00
79.19	0.00
79.20	0.00
79.21	0.00
79.22	0.00
79.23	0.00
79.24	0.00
79.25	0.00
79.26	0.00
79.27	0.00
79.28	0.00
79.29	0.00
79.30	0.00
79.31	0.00
79.32	0.00
79.33	0.00
79.34	0.00
79.35	0.00
79.36	0.00
79.37	0.00
79.38	0.01
79.39	0.00
79.40	3.31
79.41	0.00
79.42	0.00
79.43	0.00
79.44	0.00
79.46	0.00
79.47	0.00
79.48	0.00
79.49	0.00
79.50	0.00
79.51	0.00
79.52	0.00
79.53	0.00
79.54	0.00
79.55	0.00
79.56	0.00
79.57	0.00
79.58	0.00
79.59	0.00
79.60	0.00
79.61	0.00
79.62	0.00
79.63	0.00
79.64	0.00
79.65	0.00
79.66	0.00
79.67	0.00
79.68	0.00
79.69	0.00
79.70	2.11
79.71	0.00
79.72	0.00
79.73	0.00
79.74	0.00
79.75	0.00
79.76	0.00
79.77	0.00
79.78	0.00
79.79	0.00
79.80	0.00
79.81	0.00
79.82	0.00
79.83	0.00
79.84	0.00
79.85	0.00
79.86	0.00
79.87	0.00
79.88	0.00
79.89	0.00
79.90	0.00
79.91	0.00
79.92	0.00
79.93	0.00
79.94	0.00
79.95	0.00
79.96	0.00
79.97	0.00
79.98	0.00
79.99	0.00
80.00	0.00
80.01	0.00
80.02	0.00
80.03	0.00
80.04	0.00
80.05	0.00
80.06	0.00
80.07	0.00
80.08	0.00
80.09	0.00
80.10	0.00
80.11	0.00
80.12	0.00
80.13	0.00
80.14	0.00
80.16	0.00
80.17	0.00
80.18	0.00
80.19	0.00
80.20	0.00
80.21	0.00
80.22	0.00
80.23	0.00
80.24	0.00
80.25	0.00
80.26	0.00
80.27	0.00
80.28	0.00
80.29	0.00
80.30	0.00
80.31	0.00
80.32	0.00
80.33	0.00
80.34	0.00
80.35	0.00
80.36	0.00
80.37	0.00
80.38	0.00
80.39	0.00
80.40	0.00
80.41	0.00
80.42	0.00
80.43	0.00
80.44	0.01
80.45	0.00
80.46	0.00
80.47	0.00
80.48	0.00
80.49	0.00
80.50	0.00
80.51	0.00
80.52	0.00
80.53	0.00
80.54	0.00
80.55	0.00
80.56	0.00
80.57	0.00
80.58	0.00
80.59	0.00
80.60	0.00
80.61	0.00
80.62	0.00
80.63	0.00
80.64	0.00
80.65	0.00
80.66	0.00
80.67	0.00
80.68	0.00
80.69	0.00
80.70	0.00
80.71	0.00
80.72	0.00
80.73	0.00
80.74	0.00
80.75	0.00
80.76	0.00
80.77	0.00
80.78	0.00
80.79	0.00
80.80	0.00
80.81	0.00
80.82	0.00
80.83	0.00
80.84	0.00
80.86	0.00
80.87	0.00
80.88	0.00
80.89	0.04
80.90	0.00
80.91	0.00
80.92	0.00
80.93	0.00
80.94	0.00
80.95	0.00
80.96	0.00
80.97	0.00
80.98	0.02
80.99	0.00
81.00	0.00
81.01	0.00
81.02	0.00
81.03	0.00
81.04	0.00
81.05	0.00
81.06	0.00
81.07	0.00
81.08	0.00
81.09	0.00
81.10	0.00
81.11	0.00
81.12	0.00
81.13	0.00
81.14	0.00
81.15	0.00
