# 2-theta (degrees)	Intensity
8.271057785155051	0.06685513658609539
8.358917626120016	3.312200191764713
11.704643123283565	100.0
11.834398974122644	98.9076459891551
16.585603138155165	48.721340094568646
16.762732307860194	76.50777379097096
18.51634652291043	0.490899904334211
18.636000435362774	0.0022022994545954464
18.682310731176713	1.5528463032774746
18.80094576354691	0.017062273476150306
23.53368353605357	6.708042245002373
23.797432284666023	7.709573342286186
24.989225819121714	0.12583321779165088
25.25855925355613	0.30009548227496957
26.303809447964458	5.051696734442763
26.482428240523326	22.72723614300091
26.53227194791599	25.91440183492147
26.709472747160078	6.786027803922616
30.0852676701567	1.794171014410467
30.211758765608863	2.6146497264673227
30.27679727245957	0.15162822203119466
30.40055944301809	2.619563081895218
30.525867435144594	0.18631103419087355
31.438734360313525	0.08096819170520736
31.46308590553999	0.40768617281523833
32.56235861762646	0.7825929776391252
32.61150090624729	0.001945086145941282
33.53201169298244	16.10092382220006
33.8982648051205	6.309916530408153
34.525096421017636	0.13929291924452192
34.71144886083264	1.6222279680599125
34.71508557925084	0.06997653812020682
34.80422832054193	0.16756715992016846
34.85994774434408	5.118396727370082
35.04474250717965	0.4023823381166789
35.62394932762148	15.523409080046612
35.72460228981043	31.428486706139697
35.78983278220324	13.573027587309397
35.81516027769455	15.91951711585452
35.88024810136741	25.069068013130117
36.03089401266108	10.43183872397226
37.539604474692865	1.6038717264767117
37.789132557158176	3.6979893148903797
37.88574715147388	2.5858420830972064
38.13334726041323	0.22844374780204985
38.70046882728152	0.2528419041761418
38.86947916248451	0.9787571051909197
39.647275148537	11.786401744028344
39.826157909923424	7.678404841972605
40.530797572726776	0.48245001696526313
40.652827924977764	0.48118517936585997
40.68696307293199	0.5845216898928859
40.80860741180594	3.8171039627643357
42.20547997998346	0.05086175625160627
42.27160313601488	1.531896668029744
42.33770559237246	0.46635488306429734
42.67612531648725	0.09747136457001214
42.74172084898471	5.170246256297761
42.80717263730023	0.683472481338635
43.07198948687457	1.8517511616986972
43.20740581780691	0.9085550507793602
43.26541959315796	3.704397494647813
43.300118042759514	0.021552762736127985
43.438857801498024	0.18113267145889722
43.51667466979135	7.869341072040456
43.53117474072851	0.15695278585446096
43.70852600483916	0.01519494664875402
45.59052078557932	0.3124788234499114
45.79903998861746	0.040813944278965134
45.959858074886846	0.36694176333042255
45.96285316038842	0.4528975224596525
46.081935618794944	0.43446775881762506
46.329883909924334	0.3907246537107303
46.569214173639104	7.745413385907393
46.71482153975302	23.499111248497528
46.831091913638204	15.384457557490334
46.97607580362232	17.36544854753103
47.43259039249328	0.012523720992613306
47.75519130172345	0.3189026905487149
48.14082943306612	0.4931020815755371
48.706913936533745	0.32511401883553265
48.9640717504366	0.01473482376337171
49.1658980429193	0.1188168297204105
49.24418274991323	0.32587218290231196
49.4451605650075	1.269012613405211
49.622522743511524	0.003949439948480226
49.888859346409994	0.9686426098398625
50.141674922260584	0.5155951115502495
50.40599916113513	0.45885320083737724
51.27750833428778	11.893096388843732
51.8614178492906	11.209579859891882
51.95271454937481	0.08899872362667201
52.15409060616911	0.09551188004024129
52.51526516195706	0.22607764832872612
52.71512276067325	0.3469535842173153
52.818626042100334	0.6575176713311219
52.874395282849385	1.069811346347313
52.930176758650624	1.0595760914965637
53.21621880419372	0.5946138786953378
53.27175082021611	3.696186584911406
53.32718968499785	0.052775357433130464
53.551783745293925	0.30859674285426025
53.71612492213497	0.4212682973450824
53.92995809673346	0.6789207844112136
54.09350877720546	0.6222453224334941
54.13850258082644	3.5703148616753615
54.52943432679313	0.3117473829655941
54.63862106801757	0.022013954359413807
54.927458299406105	0.0020738967825290194
55.02713961113456	1.828760559710764
55.067061853694305	0.002333013093112557
55.571707202793604	0.05651269991284831
55.71003660779623	7.933673012937389
55.71022969403693	0.13609675226867385
56.029777039876755	20.491250501123666
56.0323731747864	9.415426504150128
56.35090624880265	10.197316270897195
57.717252595063535	0.05644306622579599
57.9335953380938	2.0232029843301245
58.1221350684333	0.0271817815190847
58.43195477599352	0.8719838352736381
58.68146737024803	0.020362228888961866
59.241519157269195	1.3225621783833643
59.47780194868928	1.4528516529872444
59.70241387336646	1.304476469578333
59.93758504210646	0.10383380322283921
60.63769060697299	0.2023603574112638
60.715352335905486	0.3511330999480473
61.22808051594845	0.6313526192940127
61.23845348762686	0.13008752588658534
61.30419011545398	0.12676065746597356
61.32038470591291	0.8538606365525566
61.34957619913761	1.7861197849701922
61.43923057179554	3.086881075732946
61.50123745664163	0.08288378624723487
61.82606250707381	1.175289501090467
61.921572979701956	1.1879651898157588
62.0060572639072	0.12951518292735753
62.055832047006525	0.25953439156496727
62.13135159573807	0.02911867965972632
62.54050838843354	0.011091663534989466
62.82652026649661	1.2178692404247549
62.973716840978696	12.552891029149967
63.187556164405855	0.09335453867455541
63.254076061204806	0.680608705752254
63.29302994346553	1.462478189645238
63.53828408705691	0.22142407471664252
63.64801223343027	0.3780591806220706
63.654945532499745	0.02561621581034355
63.747272318808015	2.739195754664793
63.82640929940011	0.020342683066089058
64.0100878250044	17.544432303704387
64.10086834865682	1.3743412955498118
64.13723723940836	2.857729473566669
64.23855733455164	0.6928095975725681
64.30340366028574	1.7352765491894406
64.33277180997385	1.7473532955930635
64.59752381733342	6.021509398647808
64.72404958222546	7.503355669751028
65.61955997229282	1.7698779155450461
65.67534701185505	2.8386105690129
66.25716210326745	0.021466211517150082
66.31497774600592	0.06992512453238793
66.35659473495387	0.0013725454568786894
66.44855759993283	1.9228135165089824
66.56567698985275	0.146843311193823
67.00181793200653	0.02750418617302413
67.0534882652332	0.6797457850525176
67.08390213988045	0.004001337991632392
67.45584792732522	0.6107206461909218
67.60428285944242	0.4673046643058877
68.20883386351173	0.56944968027304
68.32280372568611	0.6675677272613456
68.47552762477132	0.4178833156170228
68.62569231604694	0.2767760829791254
68.8514991644349	0.011488158092543072
68.9740592479951	0.02922971245008846
69.27209859175841	0.06902158059203962
69.32660015410785	1.1256037891496653
69.46030992665646	0.5759464715161328
69.47591039466866	0.24520975113207807
69.54507764359278	2.3634960592597634
69.56881873700854	2.722465569776455
69.65352665125202	0.7710750147462232
69.82284739743581	0.611484598552441
69.89393226130147	0.692396454847805
69.93633120503593	0.03353546290416013
70.0201051072187	0.19428796448365965
70.469459015129	0.035491692264912215
70.47126900979973	0.2744874527252591
70.59698627589876	0.8277258925796942
70.66772712232775	0.15527940702102488
70.92371081054212	0.35522717862731135
71.05131684020992	0.45410432791485494
71.22586255072284	0.06912814167164671
71.31977860230367	0.7522187815719398
71.3300172193796	1.0330961074739753
71.35645493872914	0.25829173121089627
71.36677971133615	0.7454082474332425
71.42348926098109	0.3463990459224958
71.52396896200453	0.40672630467619825
71.59093765310625	0.0354771918596024
71.65903547520871	0.809135498634685
71.70602521158996	0.3964330914401874
71.72158796839418	0.32425074954210126
71.84654877499489	0.6195306710013633
71.98900300083226	3.5331113506666663
72.0489668064881	2.3648336486917967
72.06923442029505	0.04045680699600958
72.14708128291335	0.44281751368346656
72.26036342394565	2.4371676472056425
72.64898087381637	0.569724631010051
72.81175472630623	0.008268987653363228
73.2544985492601	0.7907550290641446
73.26314920749293	2.620834809841962
73.47531821111079	1.043842837770487
73.6080589367735	0.3364010578430904
73.8425907204499	0.04168582813571904
73.95278168903954	0.3004363400052359
74.04091711392904	0.8810926453604111
74.04897781008741	0.03902651406091605
74.1509987733401	0.09606783905777566
74.49891958298392	3.5538287777669533
74.74163449832511	0.025700972591401267
74.74596708240628	2.8072967893863363
75.26778744618167	0.04385126892595622
75.31697154352045	0.3494484396527252
75.43788342945301	0.8016407510187226
75.6803375972207	0.5318781198798628
75.83764192166588	0.560467772020767
75.84174110486249	0.01071965842530701
75.86284373511201	0.7600093942231706
75.89875710572198	0.5087560662438753
76.055910574404	0.12967275986269142
76.42017999938459	2.4222326210299507
76.51696395091052	0.2977647200181765
76.53596177147112	0.8720264121597564
76.58237229760522	0.8550762070675215
76.67358407557765	2.1795287109064914
76.81717361278352	0.2769900591850976
76.84931641821103	0.4528047629661333
77.23453339958935	1.1454295308106277
77.48664050155664	0.004629609977137401
77.48822141354694	0.005773564784477415
77.63134621805001	0.20005880461157508
77.79881374248816	0.6268262749888088
78.58528609685287	0.019459973870942945
78.74712543622576	0.02387987543121273
78.79244236282312	0.4237323398080974
78.83779553445888	0.1427465606461198
79.02231791162008	1.2502623759902967
79.070774547387	0.01931504216015235
79.09777119827085	1.8124002325490334
79.11608473480608	1.352367663217985
79.16134473529303	0.22576723853692307
79.31332126908408	0.7495459331635843
79.34496556351634	0.27157634505991113
79.41368930167226	0.27076318222048507
79.44912213716555	0.5232921172393699
79.47959257150511	0.86717187873236
79.65509960498908	1.9104101324873026
79.77626638558553	0.8868079412709217
79.78959253398013	0.0023781522183471114
79.91186631036152	0.077264067593869
80.11161297433966	0.15943020542485103
80.1268558763876	0.5312678193703352
80.20204301396942	2.8371069854672997
80.7301209287239	0.2615851961931727
80.9390428942427	0.04195155517908273
80.9702389098486	0.004635923231832353
81.13071636657479	0.09924421552114852
81.27333278008548	0.04888870811635909
81.39849258146727	0.09846079186128252
81.40067014801195	0.12561234084136527
81.43445552064266	0.022571461801301193
81.58725695266249	0.40258524296055354
81.61602599404353	0.36445091605931346
81.66825568043593	0.14011879439511735
81.67526971228133	1.1489369100593643
81.97977190887374	0.008147619556976429
82.0438407774371	0.20946385080329477
82.46105890964321	1.2348223822821072
82.70127282383487	0.032382756079088
83.00970818413562	0.22392523201718004
83.1569566597169	0.40210477203021044
83.24657022683576	0.16064400335611842
83.39468737323429	0.02180525836834258
83.41287206820282	0.1232659214014652
83.43616060069104	0.17946893699203012
83.63654523126495	0.28312438281108065
83.80896982846065	0.23376886475517872
84.14136049177709	0.16375474344277835
84.33732353529477	0.46759618947971954
84.36472943759178	0.032876923079186784
84.447531015318	0.12946256399069997
84.51144176627994	0.2837949160748252
84.53068419652594	0.4771292224201311
84.5319521715085	0.2378348992464073
84.62006801609546	0.017812246447787238
84.73614074470414	0.21283365189120929
84.7723832801153	0.0805001554367155
85.14924708399111	0.03939552859948422
85.3960844290273	0.0017121830985576411
85.41441458308128	4.613974660302046
85.5281905113709	0.23627655384122495
85.70194772542833	0.5272243301306235
85.87315177398857	4.3413968565942485
85.9451868187695	0.03407537709395599
86.09440429154336	1.5570503030096865
86.1043717516216	0.02951748265800703
86.39088924187566	0.0802601900650515
86.54999298831997	0.1292912447507674
86.5893946331762	0.01348386386048111
86.81038952258623	1.6689678627029998
87.01089389028469	0.9688824913853029
87.0856802419629	0.3627073670071629
87.69453714858952	1.5666282737527348
87.72626141980308	0.7598170606726105
87.97536315718312	0.013488255847523476
88.0123643828426	0.14920807282802084
88.10139908703738	0.009565686201249528
88.4191497664354	0.8685644329839074
88.4518831677396	0.0027561498579160106
88.58552176472944	0.0019787705614501532
88.7918303648702	0.07908811373538051
88.82264510956848	0.29435155775709165
88.86698468691706	0.030887216642713964
88.98135754664159	0.06574903447183471
89.2814628140745	0.32513434990820683
89.43259964638246	0.3353357202219034
89.5196788764892	0.04216671961816809
89.82109371976549	0.004331675734060773
