# 2-theta (degrees)	Intensity
12.931020761868373	13.691087838303869
15.008183657976618	4.920388387497312
15.633850894702336	7.576187899727961
15.761880899076576	5.300241288728998
17.134844695847324	2.221559672179659
18.073768791677136	2.9543043429474936
20.580786686691933	18.753227360589083
22.837804047187728	0.755666544353052
23.121620837213257	0.04052040539560219
23.269163680779755	1.4926382018004463
23.876701410701152	71.64913348686066
25.822599627474563	2.127786917922005
26.030479224276007	0.1983138802656956
26.167991983255256	1.1785952026856379
26.830222601639036	45.66921738552248
28.12328469335177	10.347322602757492
28.660214453552026	6.400416792587944
29.427577295961516	1.5089457285659351
30.125990161158512	5.200055044143944
30.28184258630703	0.28959623565055354
30.3324040336823	3.0119759255084944
30.39080270003611	2.5311273656318116
31.568588483630613	7.498284651044792
31.83227529481397	9.020617713991133
32.1503176809993	1.338877001422608
32.74045579244409	2.7751210859384923
33.646367839855984	100.0
34.10952161108004	0.003155362842698483
34.161330126236855	0.5689706859108872
34.34823360311955	32.23894992179135
34.66858363119914	8.8065111032736
34.844092285017894	0.16177017001481617
35.66907453820021	0.3963814824184884
35.67197836996694	1.266295206626474
35.70930849803357	0.0027446626313036367
36.550457350671365	1.8202066390797114
36.55743639308217	4.899299571418856
36.617871404293105	1.5446220388246692
36.962379731368905	3.588746567588881
37.05845592418325	2.790759189695179
37.39611756218317	1.4431795941899683
37.62309542501898	0.24592239933571772
37.747749593012095	1.2606578293543895
37.93803796581686	1.1779068781190436
38.95259731112139	2.1769835279137792
39.487654187938745	0.30738082440768827
39.95612677351451	0.654623798699622
40.19057747935637	7.332407524646431
40.35134582700858	0.11747153578652635
40.45997983390454	0.07591034440256765
40.929802499483195	1.4306311100956646
40.96958347009939	0.5189554398627602
41.05676938314454	9.143641932845755
41.46998230335781	7.512718420156834
41.86581477370401	1.5416260499534882
41.96279066008089	0.06051499265751155
42.601559822189294	4.841759966753
42.84049084968833	1.8352374603202761
42.97950566859668	46.70385114579222
43.11067919168957	1.0576435522596355
43.7155376656543	0.857871238798009
45.154550616316584	0.7602164836217763
45.164991175305744	0.028564075678520037
45.178676184209536	0.44043845390116904
45.544094782146914	7.583740851445538
45.926323190355774	2.9366613954808063
46.13197209049239	0.13075663156321068
46.33935096142114	3.7256242382600187
46.38720646908045	2.2316054258616402
46.65190111284319	0.18035267799175908
46.98322349222014	2.5589221031417604
47.02570794934842	1.0829839323585722
47.08957134614241	0.5449264661556917
47.25836526504596	0.004416982310000706
47.32347856670257	1.4068729518413647
47.57407004198603	0.6293994757525508
47.64269137209547	0.12058790293677482
47.66886852481252	0.2712637232519997
47.77523134052614	44.030439856055715
48.02021178533133	0.030636211851779022
48.074797184861765	16.721805389874046
48.16162142393087	0.1519621608921729
48.307167360114626	0.10493273742536799
48.32420792821588	5.432406780905292
48.578723716874784	1.0102590212331988
48.61932807844556	11.609532398193537
48.775551016092976	0.07526108355126272
48.85566490861326	1.4563718232661693
48.87724275150766	3.94280664498529
48.97202674266291	0.015333699130928208
49.0973466381377	0.46093989873777286
49.165220125783065	0.9084862383867884
49.211392013370016	1.7062581658242462
49.63825184186518	3.459139459721087
49.71511209072975	0.010997471184206613
50.23281185213284	0.003562385469508021
50.28184747777334	0.1491774210385927
50.64318891371709	11.957480239293266
50.746140884776814	1.0024737557824794
51.01420671498674	0.22450272226536747
51.09821194376751	0.8680862212681114
51.84824611082071	0.6113818005859163
51.880290034948416	1.259184789804547
52.018080520831774	0.6708850569418722
52.33343545251006	0.37669562201454815
52.668804193228006	0.0066141699384286426
52.98456698942521	5.4623516075961875
53.08796981837155	0.13556380391240655
53.09241072530238	1.4358371356652686
53.541321900745814	0.04141983647148291
53.84160806118934	1.5626496569153678
53.90197195201562	0.009271015940753266
53.933465845216	0.03195015371241804
53.955143954753844	0.007757152403684171
54.001725109242166	3.4530057554127516
54.94953785970506	0.8321700867870927
54.99079474051195	2.0987655508398566
55.292199075406394	4.455058328957562
55.32514756139545	0.3351808453535744
55.72266342617053	0.13132075046163455
55.864728048837286	0.10595820253293983
56.00340987838256	0.0031269657441970818
56.22583965585425	0.0020971468387307925
56.23236920390742	0.09410411066960199
56.381232987536606	0.29047342709856633
56.38324167930607	0.5088129244481908
56.48590467031576	0.051046351689420344
56.65484629123837	1.7691087686908278
56.71337935552554	0.2392500710049279
57.691558091656525	0.03182355758487263
57.79960282004157	0.01605709570860399
58.14701588272785	16.00035286607484
58.23371449798913	0.03285595359664667
58.68397687512094	0.06787044197932744
58.91284420602082	1.8365739274516963
58.9387707545175	2.399979152672324
58.95679999818379	0.32360141990347924
59.34165498912533	0.0013823523509258668
59.38215097255746	0.0489724638195721
59.39499781453561	0.35016023234637217
59.566445667514905	0.0015267807038763103
59.57288515930867	0.03309529731636727
59.62798977767609	0.13152108672683974
59.728531455034	0.1340365772821904
59.908454670992484	0.6148217153583057
59.983338193892585	0.034082983605893076
60.13733737849658	0.5534277763075618
60.71536271317064	0.7122650890739768
60.76308247763592	0.8025242753697382
60.82161509753454	0.03958073545714751
60.86451409582439	7.234837250126419
60.96360202636456	0.3717898179742733
61.05893482162683	0.44797569355502426
61.210819492314286	0.04101791423267535
61.38315338680468	0.5215291887778193
61.51567209873358	0.3509891330279692
61.79340942797832	0.2147354177101796
61.85608973988002	0.0028900937450342715
61.86979220749221	0.020752458726464907
62.4464858048484	0.0021927291480700094
62.452713642629405	0.0015383600441832438
62.45739493076015	0.04222340363097643
62.49576573087139	0.8600471365528254
62.49906655091591	0.5649789231324529
62.59088879424147	2.125103367391364
62.63254878340298	0.3089806641070629
62.66437646120479	17.324148263605757
62.756665828747394	0.46806140247536865
62.86422381709976	15.969766487536802
62.98513939894656	0.3924870826950266
63.00848497430925	0.04398136641943929
63.09964122987096	0.407917987944455
63.16995839689853	0.015280690422934784
63.17370739897444	0.15483215857361116
63.23196171992833	0.02787380414306995
63.35140292752702	0.004908974746140973
63.36796776352952	0.3125280300739228
63.489263548527575	3.3960017276105408
63.49510807404587	0.0921783117111144
63.54186191688038	0.0733946447840636
63.816792410859165	0.06805550749850484
64.05999247640997	0.18843508563231354
64.2278649702405	0.04076216224286265
64.39057064473171	0.5467625942523814
64.48145951964622	1.0539276611716104
64.62404865530449	0.02314782008546641
64.67448761073162	1.340908294392463
64.80730120476345	0.9577998243334661
64.81152908742632	0.0076467890651532285
65.15570549094035	0.014306427128450223
65.2317943476221	0.34793240699539135
65.23738873722037	4.224505587663984
65.8416959602919	0.35709788229277617
65.9172074907094	1.0243534089757118
66.06001749043071	0.251441503656253
66.13345145863566	2.6098896680007626
66.2287869074174	0.3726491904253953
66.31082107548943	1.5986441247241814
66.44153788257648	6.551163626393618
66.52287699533213	0.007781582243131262
66.56416837072696	0.3483974957204144
66.70522625711371	0.38249547732763134
67.04448723225781	0.24939100490462657
67.09495946060004	0.08145712766629418
67.16462401991329	0.2241242511986962
67.22876905050627	10.228665809487804
67.25567223633173	0.08991577607992053
68.1170489688273	0.01803783859085903
68.21902663881647	0.015306140058080875
68.31791098679122	0.8365336126382309
68.38461682428414	0.12288557270206373
68.53058480796422	0.09969642608006721
68.58657847495212	0.3672977453731583
68.62217197714178	0.14512445116739456
68.7725049797821	0.2814812619465012
68.77570884936151	0.1436953873740498
69.65805579704282	12.213622465093692
69.83012330140268	0.19105366378749317
69.9165636468686	1.4690064143712305
70.03889483186191	0.29227936549789574
70.04434983777986	0.03122920717698996
70.09109444446581	0.017852138390835545
70.14629972848446	0.0859286444014051
70.52033367739523	0.4444109792141658
70.56824077981081	2.093441676635934
70.73774942749394	9.580443784304864
71.05228493137514	0.6029949630843768
71.60563187639129	0.011391407035756836
71.82812182958988	0.007784175443934349
71.89163465178741	1.4332262558865554
71.95047298195662	0.0012198832045896132
72.11486674267964	0.001466949162659192
72.13106440171558	0.4842683355245088
72.35288151849511	1.8739191831393391
72.3867125961421	0.13093413344185093
72.3925142723782	1.6978125717255381
72.50585763555871	0.12932130307701953
72.52009286294395	0.09612184859949924
72.55136972239946	0.19985926496378856
72.6362908920939	1.0090637186812128
72.87451706700928	0.006282774605721971
72.94943270537445	0.07866531296564429
73.15256516101859	0.005778901017123576
73.19283367642548	0.14982365969350053
73.33928728133922	2.596915004974696
73.48989937254281	0.36486480095553064
73.57027673988291	0.2274548747604816
73.64238405989074	0.08257299385601835
73.69178478907061	0.031379606561898546
73.69701330319018	2.894076282291746
73.75660510643368	0.008232214897530215
73.88555416566194	0.10671478153426414
73.89310978713559	5.228030549447449
73.91515972078045	0.13065163135318103
74.08958746789487	0.0266173183743246
74.09743003509378	0.005438563862179966
74.36943745768654	0.4777984260473589
74.44793849038774	0.03272218446222286
74.45874461546678	0.02104606803939979
74.53792538782824	0.1337634068406985
74.55072999615835	0.0184269889932755
74.55086296819852	1.1592204466707383
74.66388716736874	0.3062563538534895
74.75236868665131	0.014015527401354247
74.79548210842552	0.25294365019378806
74.857101856296	7.838756724091392
74.90829557873985	1.1568307389210466
75.07086877408031	0.5049998030779166
75.08375210427123	0.07024008563780061
75.51228539556408	3.023078218710587
75.5465409331697	0.42312844219650325
75.55353536435406	0.12930062161238745
75.60471119495331	0.038646631541078884
75.64347649012814	0.20032372550864597
75.6709827139579	0.23335086238004893
75.69808794109024	0.21956903765818966
75.99913723599278	0.5540454284026958
76.13170203024119	0.5343101663635923
76.16324161021713	0.003067463817558858
76.2108656700449	0.21972791704769987
76.24056128493615	0.011959140914445467
76.6316268353747	0.06175807080469095
76.71660862253994	1.3529172034621613
76.78041046163204	0.0018184494250123632
76.81331429940492	0.017110007646130427
77.1415098067364	0.004764895478241569
77.5009388724798	0.008429367952015801
77.51919485996025	0.0625845274565281
77.54126571609747	1.1014944533800186
77.68237786442431	0.21440255468859445
77.69939536365334	0.10747799201989962
77.84682930307635	0.10974684000713483
77.95531659048844	0.0018017062094251414
78.52852606894025	0.4172382529028866
78.66720325639164	0.06586558166919033
78.68972761196227	1.2688196519854797
78.7275927613629	0.13127455182666392
78.92554901249461	0.00767589317058732
78.92950467150955	0.1466182130315889
79.1107263583644	0.24791742781585607
79.13290151198811	0.1515591266972004
79.33464737305144	0.0693051331665889
79.37802107422804	0.002143534473384981
79.3881436054652	0.1713231699892302
79.39381055104606	0.1563355534781801
79.39540683147239	0.3198692700105063
79.6965117401884	0.11652768754947014
79.75701279100684	0.3534151339194677
79.79108596815003	0.07202004862177552
79.9601332001612	0.12207861401387629
79.99673230384492	0.47468689687327364
80.15077366499351	6.067760693094056
80.16484398648876	0.17482938953177163
80.23377308673355	0.0029678471276242007
80.31830015070109	0.40057794547738074
80.52939987029374	0.07347727404202382
80.57456100674007	1.3054685725498891
80.62738072252304	0.06477723345666249
80.80299469238338	0.24302587180481994
81.07634120880978	0.2678038809572949
81.10034843246218	0.24873027262190955
81.17877841795875	0.2502123550350485
81.4163113959294	0.013479413211500955
81.51057599789138	0.02374706339223889
81.53407356751828	0.26255268749957333
81.56714710980843	0.00395236735029797
81.71690287827042	0.02785695660819236
81.75867833027742	0.0847352842556476
81.85675938892945	0.27570739694869506
81.94620521590781	0.0881614850196551
81.96265047803055	0.6055090660400663
81.97647255116037	0.00654143748137235
82.00462869496168	0.03973357470568476
82.10980836158923	0.005634266970533116
82.29767554581332	0.6201743134610882
82.33000803548036	0.22549582062189746
83.00377506312743	0.09216814127346815
83.12371450022749	0.026633477860603574
83.12530259611752	0.3566693689936814
83.19266159516016	0.013704311693049667
83.31536808626892	0.04256199434218938
83.36698125797389	0.026685056026610237
83.44574934485934	0.02308026880670575
83.52091363409764	1.4093686702981825
83.64632494604258	0.21954078577307642
83.9246554341281	0.37282727856487874
84.08915042073264	2.0239339655575894
84.16663498769667	0.07852080295099569
84.18462480716983	0.00401852970639951
84.23379519487018	0.0019615339916148277
84.31935755693986	0.007648485530391366
84.63776188701749	0.0373951722762489
84.75415480551194	6.366474135387625
85.00628314861436	0.8059399647724091
85.01773350667895	1.710511910488016
85.11726843088985	0.13249884822116303
85.5525986392934	0.09934289861113176
85.56073399362434	0.1806357770697941
85.69372384357166	0.021294913180308645
85.86617352714859	0.006257927968911952
86.0137593767358	0.02530740435798957
86.20736225443333	0.13635436572319282
86.47810085114116	0.029647416947810954
86.56172316006027	0.00900197246329504
86.56926988082168	0.02192898799499751
86.73549658063835	0.08938624470228314
86.79922920521268	0.12098877848027147
86.81221376819236	3.9920093491684936
86.9244838414912	0.03638767135625223
86.9557590092484	0.0023163789907974003
86.98260948830045	0.00528305168283443
87.18301789316939	0.3484977487808964
87.22846196801778	0.044738967131528716
87.29617311980358	0.00755815931000839
87.38464272507008	0.035477823797499995
87.39467622493149	2.4180557777591694
87.51042348327329	0.03637342387835986
87.59052576809596	1.1228320524917035
87.59722262178967	0.027003810877643964
87.6826284267489	0.021897833575976314
87.8041510413187	0.01818774606497017
87.83179937899045	0.006551714259904472
88.06119721688289	0.12252397965446837
88.07685788536239	0.06600720239199305
88.16328337739483	1.3779221709105307
88.21604988352198	2.528431301365895
88.23079083416837	0.11876950190554353
88.25399698920548	0.014373561438069143
88.35325354640825	0.778535129642984
88.53155727409323	0.3987012253292449
88.57870553746255	0.34396794517147117
88.73645635145469	0.22924481409940867
88.81532189251193	0.048061373254304374
88.83753599598526	0.02100478758646975
88.84076885322175	0.5135709571953783
88.84566956989863	0.7198066449202809
88.87632184805936	0.0594036870218293
89.05838915617596	0.19141637760779953
89.06966398191553	1.5218846929536005
89.1031153190839	0.2939247272599002
89.12782273743385	0.03760712318462807
89.21876383058665	0.430164238623364
89.23005065244327	0.11061801464775921
89.28310221386204	2.9403653180889955
89.34140702305315	0.021623776080133023
89.37770375793885	0.018973127077864207
89.57224982515937	0.020208475488523003
89.59716983231628	0.15231657792659334
89.73922872530324	2.3960683223703048
89.88459151078236	0.013983079651172427
