# 2-theta (degrees)	Intensity
8.7208027787048	0.6554678396186127
17.492632581015123	100.0
20.075227261131495	0.25178966424155663
20.099540103076198	0.39409064671469385
20.11126815585724	0.4078103054139703
21.837740449116573	0.15233061575921863
21.85768188695788	0.21940375368365453
21.89304278633068	0.13294535500115345
21.98960229382461	0.16644775022799327
21.99901597010394	0.33185293324965554
22.07539773427979	0.13416618326067953
26.369268178960343	1.2258818262409297
26.577094146397204	0.43436435859201866
26.637878533976945	0.6717637497965521
26.677997354972145	0.03135882821702476
26.853887062556783	0.675469518308718
26.856763057116048	0.04561165686758179
26.97161308091504	0.32198144131381234
33.143575870376864	0.3786908896444352
33.22949033783659	0.4088777250014807
33.27111843702365	0.2906461652087935
33.4870803516955	0.34317694541337435
33.49817790093046	0.516534567651268
33.62803171869729	0.3775799959302847
35.14947688959322	0.06234472087686951
35.17047932835214	0.03772473011282522
35.213946316025286	7.535066704008287
35.41041949759489	3.9425446353904796
36.187807038286685	5.912499439455787
36.23837611541485	0.5629217843867329
36.276020112750665	5.911914187708336
36.29232573964363	8.433761077493115
36.42108152688614	8.361080781938073
36.45513498416528	0.6017268265204141
39.32100320703529	1.7289431186208724
39.375732874544425	7.21632786298398
39.50429490484743	2.112571953154638
39.534623068899954	2.2581578239037667
39.754929349768744	2.4898160986096194
39.77900662864759	7.005929686216845
40.786331497740434	0.22984027551900463
40.80210893491717	0.05337766070855988
40.85319793201764	0.03708420457502605
40.87784463879645	0.15708746766500772
40.88853063069983	0.06706092057580952
40.93075188457296	0.40530565357778053
41.17197967431152	0.11738671782998711
41.188608176213876	0.2658894794482973
41.32750116161953	0.20631228851985003
41.73173827997986	0.1356896946517809
41.74664134479233	0.0018417416566614828
41.79637281808969	0.10562107616792589
41.879517411478105	0.1524596479329803
41.91508470426011	0.09539768232136343
42.012863660660855	0.008057166356950618
44.19201360730555	7.9751645042983235
44.2486871190253	2.207150092936237
44.4505085747538	8.072300077009354
44.491831157982226	6.44512862951982
44.52340851392894	0.11258938122894366
44.565725871899325	0.23106852491581825
44.64077684043238	0.10829267212040304
44.68589946298394	0.15336048765499244
44.783303929019816	6.424076099201441
44.79831651762482	1.5943848611103075
44.84579756242443	0.013279038795000671
44.8657915169944	0.22048174933130182
45.02806226719516	0.10951343427130389
48.950602623796904	0.254909560258221
49.04241734358638	0.10181937608352877
49.12492700494695	0.11553923904898622
49.165485514504276	0.029863846776222527
49.27988889972966	0.1306627419734018
49.32272229704154	0.07196617858505196
49.43259807245603	0.08690196167926911
49.43845942002116	0.10083076406715467
49.58332963834038	0.07170334004832797
49.604044226397185	0.14776205549823632
49.65384310969591	0.29794049269019224
49.75015467828156	0.05961482788719228
50.41030602775781	0.4037106188882997
50.467832602152484	5.929698201012758
50.7272956218833	0.6178352858411097
50.777137060783005	0.2943270076491384
51.12355463910361	0.4815275019931591
51.13094270443763	5.878779024094482
54.281705165486464	0.450234072446493
54.73684412419353	0.12912293150758364
54.87010178354363	0.03229404486826063
54.92177737469596	0.012078452919327031
54.94640497840359	0.0074633070495308635
54.952382487939836	0.0017175275123298543
54.95808921121166	0.14605247128478538
54.99176833519129	0.024262007984729196
55.34417501719104	0.12022598975092567
55.35049243669771	0.1879688033448086
55.60289104261816	0.07408647596416187
55.638221432072214	0.057462523004751895
55.65922765443088	0.04485231318737397
55.691597905775424	0.042087223335238295
55.71561721118696	0.04209335036528268
55.73078446471383	0.00827686171651103
55.739434735841535	0.06618174684111774
55.76287952107008	0.03709594070108898
55.77567214669081	0.03775986623267392
55.86489724122281	0.03074051906946523
55.93367093116228	0.02553716926772048
55.93391807686539	0.046070416206791066
55.97823584985772	0.01159215998131202
57.694004544177304	3.3997506101799297
57.75216666486932	0.08135706458037874
57.89914492921718	0.0767408789981905
57.902049137070286	0.07593093522934094
58.00363053052972	0.056826808262522906
58.02981235506762	0.08695595552790744
58.05894850956814	3.1412725556240657
58.09344466454266	0.03023684738327008
58.11578692217094	4.149919871331578
58.16399312479164	0.07317162932019246
58.164662208000486	0.29335854254598986
58.168580788324185	0.03129002720634421
58.28985902221376	0.26940028383853143
58.33369264173962	0.07475096703776304
58.343348974931004	0.007235393315054535
58.39913936373336	0.0907571680955234
58.43347255295838	0.008546527371782464
58.471141972092084	0.12318758348161435
58.507436484455525	4.01924493211707
58.50852378966127	0.09056295564524199
58.61247700186875	0.3770779023299888
58.63660309840743	0.027407992383613626
58.79012749804016	0.16556237571610505
61.602457400285125	0.08226779478613976
61.62776284571836	0.015560412502018062
61.65147574048535	0.02373904910354023
61.666355209277924	0.04414206040231036
61.73653016553464	0.044103003326011296
61.820078933894415	0.24474620049141024
61.823680127509675	0.008543406842666629
61.901330775161945	0.005140159000675864
61.91266704443986	0.1403339264072408
62.00315830109163	0.007141440278968267
62.02396311553143	0.0011415025727348578
62.26471737668175	0.0211113604363474
62.307476671029676	0.0225135017473903
62.36066330728728	0.1699392977344054
62.37375019393811	0.09060217421532535
62.37742075566762	0.1295969755125024
62.404533200322554	0.05357277888303143
62.656467837843806	0.06234843185710608
63.05180085855599	4.0852317967606275
63.13607658563684	0.01290724349244634
63.17674207724128	0.019008666383223148
63.71009957600943	0.04581073048277732
63.76811526767036	4.00610639901912
63.81002386307336	3.787677237586002
63.87479596210602	0.009835506067903248
63.94235972832035	3.7826059995501353
64.06492715352812	3.6088243737468964
64.30971999234693	0.23784522747783207
65.81726393920405	0.024444329232008427
65.82535439746158	2.7159844007517298
65.89098947358993	0.3880129138021653
65.93941206056472	0.02458724936979576
65.95013584921627	1.9506959123613292
66.14888633208753	2.585824947022573
66.19939511924908	0.014320525444856229
66.29932231303285	0.16311418513288312
66.36253707002905	0.1612762825492917
66.40039633665614	0.022983693656626912
66.63173245144571	0.017143578602813254
66.67754924845462	0.01517349336003958
66.69822158285844	0.1420000393424961
66.79148160561145	1.7867695633157872
66.79227883575993	0.10605087750111669
66.79572231422478	0.03233239717197771
66.93514412804599	0.05863853442126348
67.02526882427176	0.06873520388891839
67.15535471910464	0.06635100512041398
67.19099191250108	0.11518020711989864
67.4912589635603	0.13033029821102535
67.52178581876328	0.07658003350097897
67.617153395477	0.08366543596273579
67.64143322683965	0.008480536928180071
67.79255670723718	0.11892104467296309
67.92884313872914	0.14193902477438114
67.97429046603723	0.20476834678698078
68.27304365503257	0.08055372920410439
68.30040824672597	0.27228146299491734
68.46283536677234	0.19540235019904023
69.25747306378109	1.0743170474356858
69.3288746932374	0.006533049342561872
69.4555565342958	1.1502936211214654
69.56084049767378	0.1589506718616929
69.76145501372825	0.09343256496514997
69.801942161115	0.0011460028063644157
69.83574761988889	1.0248356841637527
69.85873059373301	0.010381665788525743
70.11028030826577	1.0363843719547063
70.36414516173707	0.12011743856360307
70.39015133652538	0.03179845427114491
70.69470661666405	0.07594444474485469
72.86822076428155	0.0589892736333083
72.93295084252853	0.09713484414952021
72.9371419885678	0.03847083672074145
73.05326223855268	0.07322091208072076
73.24756260037066	0.12753966189339502
73.34927574099396	0.07564343530688024
73.50554828345206	0.131379979823248
73.55489336137808	0.04372705149304923
73.9104524996446	0.057129678908630695
73.9297629439892	0.05262810060770505
74.00414855093942	0.05658381111028962
74.05211260065482	0.05001906180498266
74.07044517032726	0.053970855810869904
74.13538628120388	0.32007470364903634
74.27365744227613	0.04341558578888796
74.29934198681927	0.7028559990591291
74.34958878098341	0.7466643485704865
74.45362420064359	0.6673799592229961
74.74893159120586	0.32363881066760086
74.7668164703665	0.058986763510341364
74.89334611406217	0.10251269699264214
74.92461238083976	1.12929528957775
74.96642480051872	1.0988155837441382
74.97628524609766	0.10905027792072665
74.99626635644287	0.10358197909603141
75.00710116916152	0.09664234306220673
75.02732504105727	0.0965504370678009
75.11043558971683	0.024348117790118296
75.17927444632573	0.12121242822957298
75.27292484836822	0.10410595742709036
75.41899376382123	1.0933114295998931
75.48877722951995	0.8497483033102615
75.95622164246377	0.2979512219069999
75.96521256086456	0.7880401984313111
76.80040923397571	0.9700852992315698
76.92312420531759	1.0455003085211447
77.01453043934538	0.996621998417343
77.0541383174512	1.0589158069800146
77.36721704468737	1.000987891840006
77.45011554302025	1.0479807721967687
77.86468973813302	0.011809311068559751
77.89355369349742	0.010838577085559761
77.93301042231074	0.02162791199996231
77.99484217059849	0.021381626566314454
78.02162691126009	0.01168149241294725
78.05459476897116	0.015928401541700915
78.15176455190928	0.1260044566539793
78.300944017563	0.057461244327923364
78.34888423738653	0.11284949502681736
78.43560164054561	0.08037334019411602
78.44944883617039	0.00794771183146436
78.48620360686066	0.023591441202255373
78.51011993578228	0.020415557066866742
78.57405971247329	0.00890030578941241
78.57468353396177	0.005638771559925797
78.59202996415473	0.01625940456717164
78.5965631590894	0.006486355780379814
78.64501916541091	0.019027555719273524
78.66793670760845	0.06473953469877972
78.67220904521632	0.09334672219953025
78.69086316050614	0.010499003418566197
78.70305607744679	0.07197588446317472
78.77087322849547	0.09637264915485452
78.80381500725363	0.014778212498051124
78.8771827099816	0.07347955118351779
78.8868916221966	0.001304407220651543
79.33563121306598	0.03429378931929752
79.37037469763258	0.05621076458768037
79.70266788918168	0.13093463303878733
79.98859254286836	0.2569997640356609
80.04067491194907	0.12340661194424388
80.1717770296184	0.07580450926737356
80.17701432903871	0.09603152469509911
80.24828023573941	0.03446681257800971
80.32000918956145	0.07275284133443179
80.32669980876986	0.23868983978849453
80.33113892928206	0.06655497548286662
80.35087385614831	0.010648403952319358
80.37100117075786	0.004697731634484904
80.38267572297185	0.06892849595416178
80.44006901381533	0.002625645742852619
80.44139303852695	0.09305362340561245
80.45254319563563	0.0017418318488124993
80.45761176839751	0.038501485274894415
80.50725392278535	0.007884312612590429
80.55940754286452	0.01853487929938659
80.67183137428914	0.021482205719727487
80.70041264049554	0.0029860708853437835
80.7014428373945	0.049789924524910004
80.81481105896731	0.026973636172933822
80.83058225299695	0.0018863746775556701
80.88099821417819	0.058380683713613976
80.92600862559819	0.07384651989804548
80.92812167417904	0.006180677937018594
80.92882534210423	0.2181126918014224
80.9531582866472	0.09694906817823422
80.99683617414506	0.03767959686001587
81.01110996968968	0.013880633059742527
81.05939629302341	0.043385989422510055
81.06051611817412	0.015422381178946612
81.339429590614	0.22010850863996334
81.46971391167556	0.05074077423676576
81.47871885804578	0.08296949256958168
81.62738865801194	0.03648867155101157
81.6403294006079	0.06498555808593112
83.55678297981746	0.023582959980801864
83.57667072922197	0.005605449070066878
83.63016774219187	0.026556374087058375
83.7421624322292	0.004651095315674963
83.74638581143613	0.011511204465184936
83.86759458301489	0.007527909434227449
84.06848701254326	0.009225264021027876
84.07744031000678	0.012951032895681853
84.29055230267467	0.0016106587145340967
84.37278632870513	0.0017265576307087397
84.50946877038876	0.011232165445278903
84.55364777618401	0.030751145316515578
84.5813766671249	0.9756952558019484
84.72078561658718	0.9344890692577117
84.99895822130998	0.215801159364212
85.04877866467925	0.9036314198354612
85.06284735840049	0.4690816794966572
85.1262594077358	0.9831355633881799
85.50246027490331	0.04064626591162993
85.5798907516667	0.3354267561707482
85.69031618202425	0.9738182183946639
85.75209410172579	0.9211652648590759
86.09366171705211	0.47544679389980693
86.10724026809204	0.10185862046501787
86.3563353663177	0.038977650348563694
87.19146559425066	0.06204404895990474
87.43674999765727	0.24878689840475252
87.59890067504863	0.0503346997272193
88.04887351270244	0.014201763824491662
88.10827510637812	0.029248597120426312
88.12666808458974	0.017388615195701458
88.3122615194812	0.04337446438940005
88.32395935480247	0.3020988873663712
88.33709794187513	0.058405035803281366
88.36090758687925	0.05385046826912423
88.40215643399127	0.014598807752174944
88.48115215844244	0.01019448924921442
88.53580923395234	0.017218870008075985
88.60033335221699	0.004006616720980201
88.62831827486649	0.01214177000419178
88.73894487650107	0.0389595720779648
88.75948046638742	0.03207341972446344
88.7698764788118	0.008544932296639102
88.79199628934018	0.06286049800527528
88.79294283604966	0.07825555809498244
88.86848345632335	0.03258517196021296
88.89443794130953	0.04292246455885272
88.96619916567613	0.004928032808602064
89.02880917562821	0.05162699866209781
89.05508171814972	0.026247459889919188
89.0851140511504	0.0034876660129174323
89.11912464524715	0.00700569575899121
89.12244788881884	0.023436214566222344
89.16324628050813	0.005539003792204825
89.27756290692616	0.007644699316309693
89.31258527415193	0.02652711079252384
89.32396627022618	0.05001704850964248
89.3517411159105	0.0049075093858232345
89.37272496998668	0.05363313035191525
89.41652227607362	0.08226255850565882
89.4405875096084	0.0019253368326445132
89.45034438663878	0.017055244312386638
89.45242433163017	0.015163505711314324
89.6182735705166	0.05410182315969421
89.66004394462358	0.07017019489665681
89.67004770684824	0.06969728297720196
89.73631397378432	0.006291491838180406
89.78290450356245	0.015257723520612405
