# 2-theta (degrees)	Intensity
16.964281253951057	1.3122233763233202
17.91104574088258	100.0
17.956837778534798	1.1588707147634008
18.338598913501528	3.16328722399201
20.749993183261743	0.6511962366498745
22.649362446736394	0.14772862465875372
22.727355535191016	0.17285523126733307
26.72628684561828	2.9649443848688812
27.95762050788613	1.8395079274748427
29.961351551982784	0.06913650059588641
29.96415802213644	0.40600040153067873
30.583290745245705	0.6931804019318841
30.670827780553722	0.767896114117388
31.791616723106078	0.6166294942368995
32.37959490554984	0.5509320007226999
34.31534407969305	13.462819864394667
34.499914232155064	0.3268384280593897
35.19821702508605	9.176581494075826
35.59019183317978	0.6706533402586913
36.17711739426	4.803833833785033
36.279453345240086	4.517034148723051
36.3746623133765	10.079878572011872
37.16918886847867	3.9117095140745284
37.20390585284033	0.8015751019435066
37.27380860447059	4.030551038577556
37.59517639655185	0.6653064286636282
40.11621790705686	0.12224830464864889
40.323407340534274	0.04186214394499822
40.668640124455024	0.1009799915997552
41.602523943555404	24.664163911060257
42.08615021291741	0.15280791699895055
42.22247849430596	22.756200012461278
42.86877838683482	0.2902539333425279
44.07989633693901	0.20210766304530642
44.140669842878395	20.377145638511497
45.60353091969635	0.04007030897682386
45.78685499303443	0.03212202731941373
46.0237074046572	0.02061915077632612
46.24983316148731	2.1301867044176226
46.41618564232547	2.4096834871256005
46.63989043210085	0.10257118611241507
46.84423141335424	0.08345221657245573
47.01365509753138	0.10459351496295163
47.18625616623469	2.7460677255295374
47.25261238200349	0.027542017422156014
47.46711166376414	0.018886709664228132
48.13464340312442	0.08465744262350343
48.53481488582355	0.009379536626190984
49.117894831756594	0.028356312118124897
50.028854916219665	0.0509502276381709
50.49275197527385	0.019213704018641198
50.52720795604705	0.43005012044516433
50.53813117813168	0.6509647267158074
51.76261420686273	0.5920438743213706
51.806099449875404	0.1385060070306639
52.527430641416956	0.3275187913337897
52.691955465493635	0.6786627454714211
52.8080548971026	0.005271961258305653
53.30051898199005	0.08361041163695475
53.45647199151355	0.0271403585778233
54.99178141337404	0.12027440993393788
55.06403324740351	4.2478701599389135
55.129385915475375	0.007039164669031002
55.134081559399206	0.8596159373605913
55.15074577757102	0.5822610459591863
55.24400331228012	1.0806904655152825
55.40539602624182	0.7027795209945724
55.45944378272352	5.036783618514936
55.606493309989474	0.18514156036085014
55.67987401686901	0.495481229406193
55.83338754877243	0.36610130068265917
56.26293945980933	0.23401467873213094
57.117116978463045	0.003253761611488954
57.12368492944965	1.052159043068667
57.77046366406957	0.49401759257699174
57.77954048936738	3.908605329202411
57.989790177798376	0.49633055906669127
58.60941660346029	0.5387291911963574
58.63478398261372	0.1504585500317683
58.979400996556066	0.014243019359905542
59.75736144126645	0.018012369008528012
60.039117756897845	0.48497789654998824
60.62852459408369	6.759682183808217
60.91217224952229	5.1049322758689275
60.992817506473834	0.015436559940205345
61.3059076665897	0.0150123952934102
61.38612490388476	4.628000564538804
61.51883695772844	0.04134011292217383
61.59294158682077	0.5317461271798601
62.26065651620778	4.8894071038255005
62.266990963957234	6.311588033999283
62.29631150207571	0.030844554817484944
62.837447175307766	0.5592101164323078
62.96416023496465	0.014284065336986975
63.62959548298546	0.3114102551242936
63.66864200701732	2.8180702179540424
63.86750473429713	1.8711855311365673
63.88971134604325	0.2220066339002025
64.05922612697508	5.96837388029271
64.11901877815747	0.042028369981460235
64.19198769559384	0.2672462387580459
64.39298614179242	0.03790705933888422
64.75090239313528	0.07668485162341566
64.77128662565049	2.0789457399928986
65.11300817580705	0.01964415375948636
65.40912596129196	0.14400887184528868
65.67367784945705	0.0017795865210580547
65.80328327834366	0.001404288746265541
65.94949874103605	2.2020310602954423
66.12030739568048	0.012518405132741314
66.39154333660993	0.00933894785085814
66.42937663571882	2.3462383286069843
66.96461378578203	0.0241517742891377
67.10512196999218	0.026922190835534678
67.20885743213869	0.03279882696207506
67.36345514424849	0.154655581603157
67.78551797807454	1.7024953316953346
67.80386027926333	0.008938990020252661
68.73727448084801	0.09117435066531804
68.78155886466195	0.03121425758001724
68.78606955665849	0.005561285368670189
69.94860941181977	0.005476414989511487
70.43028627340023	0.13241778970733553
70.95804536248696	0.15377648716608128
71.01133159966366	0.3784334898174373
71.62769151066958	0.07781818363496526
71.654168478014	0.9833260230594534
71.86111767808828	0.19053962282431594
72.18713361104786	0.5630877119883686
72.3146538790522	0.8772855904012508
72.4431933923591	0.0017052658417987111
72.44760374733978	0.03609050781813935
72.47129195229836	0.4210282622545296
72.47955016840545	0.11396474417042653
72.50499675424129	0.6810232758371746
72.55898245446271	0.9750620796942665
72.75200553986237	0.8582734947203456
72.93255917706067	0.7128950692855633
72.93789192934217	0.13799002235809193
73.04746924680262	0.002790573692845385
73.13105309016147	0.757837742779869
73.21811690869778	0.11583942286170992
73.29890180442086	0.13650579704320995
73.4564150897198	0.17887259502630484
73.64146948405339	0.10876285589911568
73.70940440368132	0.10624177729457121
73.9485519450295	1.321084076981049
73.96653976702055	0.11583364355024955
74.41597032769113	0.8088627418275185
74.59075503775824	0.04964598137145331
74.61006731043564	0.7743839640928161
75.04010924549823	0.10441201859552951
75.28747260727143	0.48073685223221146
75.35664147525821	0.7428289869564809
75.41624739432899	0.6411612531230368
75.4890839911035	0.19886582551567794
75.50603796555963	0.9542955665480973
75.72435829405157	0.1428930498216516
76.0853499994681	0.7009104799490606
76.77447996121653	2.596259194225626
76.84273513329715	0.15605101512063874
77.02286932704428	1.4559914305698205
77.18651376572166	0.558920415584148
77.20187399901398	0.009550851555364946
77.21781225229348	0.14092335449153628
77.25428002910802	0.6293244009797341
77.64622423303216	0.14282317579303966
78.37982171477695	0.08244010829015364
78.66272658378443	0.019874794361230522
78.68726007944552	0.02559674794757718
78.70285659833009	0.666756124933295
79.1977599720062	2.659680245931654
79.28319544541912	1.287876486130789
79.30363314643436	0.04273058349070291
79.45535390238621	2.6117746709257705
79.6231132642173	0.042566743284067426
79.64491364257651	0.16230234304096852
80.21354651224891	0.11447343993702479
80.24915555984978	1.2582783071996229
80.50588059451798	0.021673315656809914
80.50796310357707	0.03679878859046569
80.529912813445	0.01168121903001278
80.56825490848865	0.38565199123370114
81.07700821897404	0.022653734395733798
81.12073720075642	1.0974342317102033
81.79323481332926	0.20090654716896697
82.01455590167478	0.004581616900840015
82.4318324083327	0.08513855251014575
82.99494074460107	0.004541872427820112
83.0142964131206	0.10417283801454699
83.14646446303652	0.03449699789181126
83.33880469669667	0.04113253660475158
83.54335537377071	0.06639673690806391
83.63082128358617	0.08532992685836242
83.70825369618709	0.0752636987919994
83.91932167042633	0.049951978777668736
84.10230956793794	0.008652552695614903
84.1774154428522	0.02890188279207873
84.39136498580096	0.08058930782291593
84.5291024863129	0.0031891146446577953
84.60384864343257	0.4368487776709373
84.87510890247184	0.020879188696273324
84.90620524246445	0.00824203321822667
85.21509428982411	0.015100001799986246
85.36775705195146	0.10460723413007036
85.73923447458604	0.013104147742803593
85.84252576463741	0.006166442406916868
85.85911680514549	0.017594589158584802
85.94872015771861	0.020574175146810713
86.04019045690404	0.03562170863284399
86.24500103286788	0.08469405310192507
86.30661301294721	0.10796850497760835
86.46940082556364	0.04272590376197366
86.60202612011425	0.05364958595542615
86.62009925635759	0.16472935656720572
86.72061982340446	0.2241022962858525
86.81843431281807	0.03679774834877299
87.15603812585393	0.2504220040344638
87.3699203798	1.049809142641718
87.6171005644997	0.046736087610707855
87.7943496669705	0.13747326628299683
87.9237019543645	0.18811308677905023
87.96261619836487	0.02372943412115606
87.9906126272405	0.0020126412081024935
88.05360025039478	0.15780402774310578
88.50116861297633	0.05679491939779956
88.66014645769408	0.07010184943067023
88.70776528363035	0.037444795285026124
88.82430830097404	0.06602672728831502
88.92302946574253	0.994084380893411
89.30238829200239	0.004329924236368389
89.34910722453638	0.0016373715789804594
89.35681297304404	0.1041160347677311
89.43036630895942	0.017748432485033036
89.83887403889928	0.025216676763382753
89.8483723534001	0.008239063067747505
89.91925286710128	0.7720462090196367
89.93515451050443	0.16296207870604873
89.94474273752286	0.009851347627208977
89.99205631762358	0.34341969545350914
