# 2-theta (degrees)	Intensity
11.96038375116223	0.001295573197551672
15.029297005255422	0.0017064019782916794
18.35528620641721	53.271615829094664
18.56281588077508	50.05084093153478
18.568331360447498	100.0
21.405450741216125	0.004987209770638435
21.411487007378312	0.01021443934808436
24.551090365114465	0.0012816640577211402
28.738658597075954	0.0020513024158086623
28.874099128989943	0.0024848273255363928
29.043739351233178	0.0013700761973934495
30.325214880059452	0.0076537894922547025
30.327806978518637	0.014617783264443376
30.58706805039944	0.06385415022248672
30.598298380785756	0.03272425159666087
32.349756585411356	0.00403095734446379
32.77214774578833	0.003070262321708203
32.86307968497105	0.004031790599303142
34.0690847904045	0.0013530915461253189
34.25399522172437	0.003637990297332232
35.677649235812744	6.0125513701847275
35.68219367783908	11.862747833038807
35.90536210388085	12.110398695487568
35.90688736563641	12.017272974240925
35.9158693243899	11.973287427104665
36.014271217032785	5.196252470064301
36.027736678877936	10.493315594045413
36.03057840516672	0.0013028444375102455
36.4264161247375	0.0010235293061146905
37.20395098082851	4.962491536116537
37.63649543456561	4.569083770878176
37.64799691460683	9.149577968223575
38.9677204499358	0.005761840340030664
39.280127076066584	0.0020867922087719954
39.601703672261095	0.001049812715958767
39.69755246182888	0.0014476010469197356
40.38769247456534	0.0029238781482396393
40.64865098709083	0.0025049676464789583
40.79166284613955	0.0010090325044783256
42.3467462536872	0.0023291390879365687
42.711278912324545	0.0020922457397473376
43.60726619381191	33.47606986459076
43.62004293654564	66.8419096619544
44.65012930359036	0.002599758001064596
45.125631700589025	0.002049635466464907
45.126893940893005	0.001310794200339767
45.56705664043993	0.0016193700909199714
46.20023412573705	0.002894832106380904
47.420250082110066	1.8033704430293076
47.42142014655027	3.657509412031185
47.68739378716085	1.256808289452213
47.69568252738186	2.478522098968928
47.954568578783814	3.350747784121794
47.96166233527001	3.3608214128185403
47.974687666989176	3.3220942922800725
48.288725616106035	0.001076515175421218
48.90110330974967	0.002959183939828623
48.90347728974307	0.002739307742182237
48.909874197460006	0.003152018064935821
49.24897146954535	0.004667516904553647
49.25769631951146	0.0038644799054651157
49.26987441827964	0.004078475075690238
50.47064009987781	0.002186148071207946
50.91647773894895	0.001539786806337669
51.20014334161618	0.0022900612639848703
51.84983209583918	0.0023081253967472204
53.14163951668364	0.0013723811471082275
54.20336266331627	0.01451396044264718
54.20820343678808	0.015238761752819997
54.22068121870526	0.014898954674727516
55.0984130498281	0.002343725384848636
55.57774078045848	0.0011089590591004635
55.69230538686896	0.0014055568569980037
56.431840385266995	0.0020431990916966684
56.43398743646424	0.0014375999667287653
56.77969461643196	0.0010771035290804245
57.1733922530652	0.3400347514299383
57.48350812320968	2.7244493708262447
57.4950199293707	5.407997843115996
57.71905837657015	4.876911710245595
57.72846332490249	4.908858862067743
57.73884721279012	4.895009107542658
57.872296407486125	2.473436677189061
57.87440888862399	0.6052342939611073
57.89306909072813	1.2132661256714128
57.894125097062656	4.976401635168824
57.963807037432886	0.0010236648583801789
59.51666085969599	0.001564216289946019
60.29238314834779	0.001620971482437901
61.99790292418232	0.0012042591436671976
63.083357172638856	8.685793764364737
63.08922836889484	17.357535300104615
63.677219550299725	17.271251699314607
63.702723398240785	8.609964562557225
66.23546845080999	2.273819952717698
66.23840054508993	2.289142191683613
66.24317927149872	2.3103773948718374
66.52526772855805	2.3453237783944365
66.52808562904201	2.3198073073464216
66.5396079454536	2.3564093294234447
66.88578808300116	2.2543652026844088
66.8877332247403	2.2256802511389098
66.91161549460415	2.237021617308247
66.95148868693819	2.2602689338761293
66.96869910495025	2.2767438206545427
66.983027513543	2.2651504109605622
67.15110053905211	0.020954645626128553
67.15155013444867	0.039629255591376054
67.72035468304486	0.022253024635338067
67.7359835529514	0.044956543172483474
68.00455788300935	0.013252306459598347
68.01970846761184	0.01344017918952715
68.03441068882199	0.014009482873029045
71.7228930700805	0.010610039032927537
71.73268003430461	0.010584605162548368
71.74145516150143	0.009974237295054249
72.13760418384233	0.012379131108241712
72.15612251797394	0.013068868310533463
72.1695055899653	0.013156161764909179
72.6296657629836	0.001217495845769219
73.27215036468482	0.00127430530694047
73.50911278564169	0.0011744494242088555
74.3581393641641	0.6528576201297832
74.36182074843524	1.328081817735448
75.17904040962608	1.2384948899369557
75.1917215251546	1.2260393343046436
75.20628631357302	1.2442810226506242
75.37919369148499	0.5505169174447176
75.41007786096525	1.0852991736602564
75.56719551316299	1.0212337833198057
75.57814305323717	2.044111214252544
76.11658525336587	1.8914667303347092
76.12027091141076	1.892081066929809
76.14197656859822	1.8967579800599639
76.37994821504542	0.9113068114954352
76.41253766508787	1.8285979427046515
79.28330653013029	3.757876142631949
80.3514972370058	3.8136300855888154
80.37999634195963	7.607061349159875
82.50403637710424	1.000438471147502
82.50841455019079	2.012572997232638
82.82988200105845	0.31686241376714996
82.83529129059706	0.8633154103719477
82.848515499922	1.712558989573786
82.85122004223497	0.6198086274928135
83.09648415127594	0.643217410393646
83.11604113858263	0.6342445720679379
83.1284227446702	0.6315323329841366
83.29324263132283	0.24068218711462908
83.32693622371798	0.48941816443137637
83.50145982665732	1.7583613665077467
83.51029689184553	1.7579843527641976
83.541275117672	1.7605615897266442
84.83610089792839	0.0010929395787303148
85.69844497535861	0.0010368271727213012
87.31522486417857	0.002230381604802357
87.31880680422297	0.002130292058775525
87.32273756299072	0.002657361651015742
87.9764588530014	0.007956866022053815
87.98693591804404	0.00779143105978543
88.0014735905035	0.00780166974066286
88.37484459234278	0.003702830040525735
88.38139131844764	0.004296114058675414
88.4130788875708	0.0039265511895510054
88.49880511969819	0.00655795309451791
88.52739208971992	0.0074323430254263296
88.54454409527794	0.007056704966641618
89.67965180144657	0.0010453800955957822
